  8.549790E-03  1.539600E+01  4.794000E+00
  8.823820E-03  1.551850E+01  1.657850E+00
  9.097850E-03  1.544270E+01  1.363790E+00
  9.371880E-03  1.493910E+01  1.179290E+00
  9.645910E-03  1.572010E+01  1.048480E+00
  9.919950E-03  1.431840E+01  9.319380E-01
  1.019400E-02  1.501780E+01  8.574770E-01
  1.046800E-02  1.570940E+01  7.651350E-01
  1.074200E-02  1.530880E+01  6.972500E-01
  1.101610E-02  1.530980E+01  6.202610E-01
  1.129010E-02  1.553990E+01  5.693350E-01
  1.156410E-02  1.524960E+01  5.280900E-01
  1.183820E-02  1.508400E+01  4.875810E-01
  1.211220E-02  1.467820E+01  4.488630E-01
  1.238620E-02  1.553530E+01  4.145320E-01
  1.266030E-02  1.521600E+01  3.879680E-01
  1.293430E-02  1.504640E+01  3.693160E-01
  1.320830E-02  1.534650E+01  3.415160E-01
  1.348230E-02  1.579690E+01  3.245070E-01
  1.375640E-02  1.504480E+01  3.027950E-01
  1.403040E-02  1.537540E+01  2.850690E-01
  1.430440E-02  1.499680E+01  2.662160E-01
  1.457850E-02  1.499550E+01  2.556650E-01
  1.485250E-02  1.506440E+01  2.472930E-01
  1.512650E-02  1.516890E+01  2.327360E-01
  1.540060E-02  1.525610E+01  2.244530E-01
  1.567460E-02  1.517840E+01  2.101040E-01
  1.594860E-02  1.516650E+01  2.067500E-01
  1.622270E-02  1.479760E+01  1.944410E-01
  1.649670E-02  1.515440E+01  1.913420E-01
  1.677070E-02  1.525480E+01  1.827780E-01
  1.704470E-02  1.506720E+01  1.748840E-01
  1.731880E-02  1.503950E+01  1.714040E-01
  1.759280E-02  1.490990E+01  1.656320E-01
  1.786680E-02  1.482100E+01  1.598290E-01
  1.814090E-02  1.500760E+01  1.544050E-01
  1.841490E-02  1.479790E+01  1.522020E-01
  1.868890E-02  1.486370E+01  1.494800E-01
  1.896300E-02  1.470560E+01  1.428100E-01
  1.923700E-02  1.488010E+01  1.391210E-01
  1.951100E-02  1.472190E+01  1.381360E-01
  1.978510E-02  1.480940E+01  1.343180E-01
  2.005910E-02  1.461460E+01  1.327150E-01
  2.033310E-02  1.454730E+01  1.258340E-01
  2.060710E-02  1.469780E+01  1.262080E-01
  2.088120E-02  1.469890E+01  1.233070E-01
  2.115520E-02  1.465180E+01  1.227570E-01
  2.142920E-02  1.454030E+01  1.194850E-01
  2.170330E-02  1.447440E+01  1.162190E-01
  2.197730E-02  1.458330E+01  1.181490E-01
  2.225130E-02  1.454980E+01  1.136990E-01
  2.252540E-02  1.461950E+01  1.126550E-01
  2.279940E-02  1.457430E+01  1.117650E-01
  2.307340E-02  1.442520E+01  1.087400E-01
  2.334750E-02  1.468030E+01  1.107050E-01
  2.362150E-02  1.455460E+01  1.056160E-01
  2.389550E-02  1.448460E+01  1.074910E-01
  2.416960E-02  1.448460E+01  1.048360E-01
  2.444360E-02  1.436480E+01  1.041430E-01
  2.471760E-02  1.433920E+01  1.044990E-01
  2.499160E-02  1.447470E+01  1.008730E-01
  2.526570E-02  1.430920E+01  1.026520E-01
  2.553970E-02  1.442670E+01  1.016930E-01
  2.581370E-02  1.429230E+01  9.989490E-02
  2.608780E-02  1.425270E+01  9.992730E-02
  2.636180E-02  1.421980E+01  9.742180E-02
  2.663580E-02  1.410750E+01  9.943150E-02
  2.690990E-02  1.410520E+01  9.688270E-02
  2.718390E-02  1.408140E+01  9.640220E-02
  2.745790E-02  1.404620E+01  9.702880E-02
  2.773200E-02  1.402260E+01  9.395290E-02
  2.800600E-02  1.395310E+01  9.675110E-02
  2.828000E-02  1.395860E+01  9.337960E-02
  2.855400E-02  1.402840E+01  9.470770E-02
  2.882810E-02  1.390950E+01  9.407520E-02
  2.910210E-02  1.391470E+01  9.197210E-02
  2.937610E-02  1.391270E+01  9.340860E-02
  2.965020E-02  1.384020E+01  9.083050E-02
  2.992420E-02  1.386950E+01  9.153380E-02
  3.019820E-02  1.372440E+01  9.058150E-02
  3.047230E-02  1.377620E+01  9.023620E-02
  3.074630E-02  1.367410E+01  8.942200E-02
  3.102030E-02  1.357360E+01  8.823490E-02
  3.129440E-02  1.362720E+01  8.827770E-02
  3.156840E-02  1.371230E+01  8.859460E-02
  3.184240E-02  1.357790E+01  8.623750E-02
  3.211640E-02  1.354270E+01  8.694060E-02
  3.239050E-02  1.352910E+01  8.711790E-02
  3.266450E-02  1.343400E+01  8.609850E-02
  3.293850E-02  1.341130E+01  8.556280E-02
  3.321260E-02  1.343750E+01  8.542710E-02
  3.348660E-02  1.333020E+01  8.564600E-02
  3.376060E-02  1.332400E+01  8.588830E-02
  3.403470E-02  1.333670E+01  8.493310E-02
  3.430870E-02  1.323060E+01  8.351480E-02
  3.458270E-02  1.326880E+01  8.458120E-02
  3.485680E-02  1.325210E+01  8.458260E-02
  3.513080E-02  1.314240E+01  8.508540E-02
  3.540480E-02  1.316240E+01  8.314760E-02
  3.567880E-02  1.320660E+01  8.354170E-02
  3.595290E-02  1.309350E+01  8.284250E-02
  3.622690E-02  1.303380E+01  8.357000E-02
  3.650090E-02  1.305830E+01  8.323170E-02
  3.677500E-02  1.288470E+01  8.138580E-02
  3.704900E-02  1.301620E+01  8.222530E-02
  3.732300E-02  1.287100E+01  8.275160E-02
  3.759710E-02  1.285650E+01  8.108010E-02
  3.787110E-02  1.288310E+01  8.168300E-02
  3.814510E-02  1.290270E+01  8.164000E-02
  3.841920E-02  1.279670E+01  8.117000E-02
  3.869320E-02  1.276490E+01  8.126320E-02
  3.896720E-02  1.277030E+01  8.008870E-02
  3.924130E-02  1.271560E+01  8.094150E-02
  3.951530E-02  1.256940E+01  7.941800E-02
  3.978930E-02  1.272650E+01  8.068110E-02
  4.006330E-02  1.262340E+01  7.916670E-02
  4.033740E-02  1.260220E+01  7.963860E-02
  4.061140E-02  1.252260E+01  7.989130E-02
  4.088540E-02  1.251830E+01  7.890320E-02
  4.115950E-02  1.247360E+01  7.837760E-02
  4.143350E-02  1.248680E+01  7.837500E-02
  4.170750E-02  1.239750E+01  7.854660E-02
  4.198160E-02  1.232580E+01  7.881300E-02
  4.225560E-02  1.229080E+01  7.697150E-02
  4.252960E-02  1.232820E+01  7.841940E-02
  4.280370E-02  1.225450E+01  7.639480E-02
  4.307770E-02  1.216240E+01  7.738590E-02
  4.335170E-02  1.211320E+01  7.682300E-02
  4.362570E-02  1.211290E+01  7.601240E-02
  4.389980E-02  1.207740E+01  7.682690E-02
  4.417380E-02  1.197750E+01  7.570160E-02
  4.444780E-02  1.208730E+01  7.622830E-02
  4.472190E-02  1.200530E+01  7.493760E-02
  4.499590E-02  1.186970E+01  7.491390E-02
  4.526990E-02  1.196710E+01  7.563700E-02
  4.554400E-02  1.183340E+01  7.466060E-02
  4.581800E-02  1.185840E+01  7.491620E-02
  4.609200E-02  1.178360E+01  7.384880E-02
  4.636610E-02  1.160660E+01  7.381600E-02
  4.664010E-02  1.184970E+01  7.484590E-02
  4.691410E-02  1.164860E+01  7.294640E-02
  4.718810E-02  1.158000E+01  7.360520E-02
  4.746220E-02  1.166090E+01  7.388850E-02
  4.773620E-02  1.161280E+01  7.357170E-02
  4.801020E-02  1.151910E+01  7.228470E-02
  4.828430E-02  1.152790E+01  7.279030E-02
  4.855830E-02  1.168920E+01  7.462240E-02
  4.883230E-02  1.143170E+01  7.248770E-02
  4.910640E-02  1.151250E+01  7.300450E-02
  4.938040E-02  1.143050E+01  7.214110E-02
  4.965440E-02  1.127280E+01  7.104910E-02
  4.992850E-02  1.143910E+01  7.241720E-02
  5.020250E-02  1.120230E+01  7.100740E-02
  5.047650E-02  1.138350E+01  7.159090E-02
  5.075050E-02  1.137220E+01  7.173310E-02
  5.102460E-02  1.130970E+01  7.185480E-02
  5.129860E-02  1.124520E+01  7.163200E-02
  5.157260E-02  1.112630E+01  7.012220E-02
  5.184670E-02  1.126780E+01  7.144640E-02
  5.212070E-02  1.110250E+01  7.027820E-02
  5.239470E-02  1.117760E+01  7.096700E-02
  5.266880E-02  1.093100E+01  6.969610E-02
  5.294280E-02  1.120710E+01  7.062630E-02
  5.321680E-02  1.087620E+01  6.965710E-02
  5.349090E-02  1.093860E+01  6.915750E-02
  5.376490E-02  1.102480E+01  7.012980E-02
  5.403890E-02  1.093740E+01  6.956570E-02
  5.431290E-02  1.090070E+01  6.923320E-02
  5.458700E-02  1.085440E+01  6.940290E-02
  5.486100E-02  1.090960E+01  6.927130E-02
  5.513500E-02  1.073310E+01  6.855200E-02
  5.540910E-02  1.073750E+01  6.837080E-02
  5.568310E-02  1.083360E+01  6.917590E-02
  5.595710E-02  1.071930E+01  6.890380E-02
  5.623120E-02  1.056700E+01  6.687310E-02
  5.650520E-02  1.065810E+01  6.782980E-02
  5.677920E-02  1.048270E+01  6.707200E-02
  5.705330E-02  1.041320E+01  6.705540E-02
  5.732730E-02  1.049340E+01  6.714210E-02
  5.760130E-02  1.039320E+01  6.650650E-02
  5.787540E-02  1.042010E+01  6.636620E-02
  5.814940E-02  1.034730E+01  6.652330E-02
  5.842340E-02  1.027660E+01  6.551040E-02
  5.869740E-02  1.040980E+01  6.673180E-02
  5.897150E-02  1.032280E+01  6.610000E-02
  5.924550E-02  1.022870E+01  6.586660E-02
  5.951950E-02  1.027760E+01  6.663270E-02
  5.979360E-02  1.025370E+01  6.556590E-02
  6.006760E-02  1.017570E+01  6.530720E-02
  6.034160E-02  1.004330E+01  6.453610E-02
  6.061570E-02  1.005090E+01  6.470740E-02
  6.088970E-02  9.957430E+00  6.414120E-02
  6.116370E-02  9.940460E+00  6.437850E-02
  6.143780E-02  9.794560E+00  6.357570E-02
  6.171180E-02  9.870110E+00  6.416720E-02
  6.198580E-02  9.842450E+00  6.348540E-02
  6.225980E-02  9.735100E+00  6.350090E-02
  6.253390E-02  9.706500E+00  6.299260E-02
  6.280790E-02  9.781730E+00  6.394210E-02
  6.308190E-02  9.635400E+00  6.230990E-02
  6.335600E-02  9.597200E+00  6.206350E-02
  6.363000E-02  9.656970E+00  6.338480E-02
  6.390400E-02  9.398250E+00  6.152730E-02
  6.417810E-02  9.433920E+00  6.153090E-02
  6.445210E-02  9.520050E+00  6.178470E-02
  6.472610E-02  9.410530E+00  6.125620E-02
  6.500020E-02  9.251920E+00  6.122140E-02
  6.527420E-02  9.368950E+00  6.152400E-02
  6.554820E-02  9.304440E+00  6.067100E-02
  6.582220E-02  9.379390E+00  6.199680E-02
  6.609630E-02  9.116400E+00  5.977140E-02
  6.637030E-02  9.219450E+00  6.099960E-02
  6.664430E-02  9.229460E+00  6.030920E-02
  6.691840E-02  9.148160E+00  5.990440E-02
  6.719240E-02  9.167540E+00  6.015660E-02
  6.746640E-02  9.137770E+00  5.992300E-02
  6.774050E-02  9.012820E+00  5.973110E-02
  6.801450E-02  9.082720E+00  5.940810E-02
  6.828850E-02  8.992100E+00  5.983380E-02
  6.856260E-02  8.954470E+00  5.980160E-02
  6.883660E-02  8.886450E+00  5.889550E-02
  6.911060E-02  8.724730E+00  5.818190E-02
  6.938460E-02  8.733150E+00  5.827470E-02
  6.965870E-02  8.928910E+00  5.932120E-02
  6.993270E-02  8.544850E+00  5.712210E-02
  7.020670E-02  8.686570E+00  5.771800E-02
  7.048080E-02  8.529210E+00  5.717880E-02
  7.075480E-02  8.619030E+00  5.782810E-02
  7.102880E-02  8.504630E+00  5.712920E-02
  7.130290E-02  8.512840E+00  5.693180E-02
  7.157690E-02  8.533300E+00  5.711470E-02
  7.185090E-02  8.515610E+00  5.760980E-02
  7.212500E-02  8.572220E+00  5.774750E-02
  7.239900E-02  8.453110E+00  5.713270E-02
  7.267300E-02  8.394630E+00  5.681450E-02
  7.294710E-02  8.300190E+00  5.611470E-02
  7.322110E-02  8.180780E+00  5.541930E-02
  7.349510E-02  8.204340E+00  5.550190E-02
  7.376910E-02  8.162220E+00  5.549120E-02
  7.404320E-02  8.202430E+00  5.514360E-02
  7.431720E-02  8.084460E+00  5.490270E-02
  7.459120E-02  7.926010E+00  5.433280E-02
  7.486530E-02  8.081090E+00  5.486640E-02
  7.513930E-02  8.147050E+00  5.573230E-02
  7.541330E-02  7.867360E+00  5.378400E-02
  7.568740E-02  7.905530E+00  5.445850E-02
  7.596140E-02  7.907690E+00  5.429510E-02
  7.623540E-02  7.921990E+00  5.437960E-02
  7.650950E-02  8.018150E+00  5.485810E-02
  7.678350E-02  7.791640E+00  5.389930E-02
  7.705750E-02  7.821790E+00  5.401510E-02
  7.733150E-02  7.572970E+00  5.253700E-02
  7.760560E-02  7.706310E+00  5.354050E-02
  7.787960E-02  7.623440E+00  5.271100E-02
  7.815360E-02  7.527610E+00  5.252610E-02
  7.842770E-02  7.477680E+00  5.171590E-02
  7.870170E-02  7.563040E+00  5.280670E-02
  7.897570E-02  7.583140E+00  5.327710E-02
  7.924980E-02  7.425330E+00  5.220070E-02
  7.952380E-02  7.381170E+00  5.157120E-02
  7.979780E-02  7.502200E+00  5.227480E-02
  8.007190E-02  7.354750E+00  5.170110E-02
  8.034590E-02  7.291580E+00  5.180100E-02
  8.061990E-02  7.284370E+00  5.084680E-02
  8.089390E-02  7.304870E+00  5.179050E-02
  8.116800E-02  7.205840E+00  5.107620E-02
  8.144200E-02  7.176150E+00  5.124870E-02
  8.171600E-02  7.091100E+00  5.062500E-02
  8.199010E-02  7.055330E+00  5.066550E-02
  8.226410E-02  7.127190E+00  5.182930E-02
  8.253810E-02  7.035200E+00  5.119820E-02
  8.281220E-02  7.005250E+00  5.116110E-02
  8.308620E-02  6.864580E+00  5.045780E-02
  8.336020E-02  6.698870E+00  4.911240E-02
  8.363430E-02  6.893380E+00  5.097830E-02
  8.390830E-02  6.726260E+00  4.962160E-02
  8.418230E-02  6.786130E+00  5.036750E-02
  8.445630E-02  6.746290E+00  5.052600E-02
  8.473040E-02  6.682900E+00  4.991670E-02
  8.500440E-02  6.674730E+00  5.045930E-02
  8.527840E-02  6.663320E+00  4.952600E-02
  8.555250E-02  6.558860E+00  4.988590E-02
  8.582650E-02  6.533350E+00  4.977020E-02
  8.610050E-02  6.575270E+00  5.014010E-02
  8.637460E-02  6.415190E+00  4.898000E-02
  8.664860E-02  6.476530E+00  4.953830E-02
  8.692260E-02  6.338500E+00  4.917740E-02
  8.719670E-02  6.437940E+00  4.997370E-02
  8.747070E-02  6.383520E+00  4.931280E-02
  8.774470E-02  6.306630E+00  4.886490E-02
  8.801870E-02  6.257400E+00  4.890500E-02
  8.829280E-02  6.271850E+00  4.926400E-02
  8.856680E-02  6.189130E+00  4.845790E-02
  8.884080E-02  6.156900E+00  4.829340E-02
  8.911490E-02  6.119570E+00  4.855870E-02
  8.938890E-02  6.097570E+00  4.823660E-02
  8.966290E-02  6.069770E+00  4.858180E-02
  8.993700E-02  6.098870E+00  4.872610E-02
  9.021100E-02  6.011030E+00  4.792730E-02
  9.048500E-02  5.908210E+00  4.751030E-02
  9.075910E-02  5.914290E+00  4.801870E-02
  9.103310E-02  5.937520E+00  4.790490E-02
  9.130710E-02  5.882090E+00  4.789770E-02
  9.158120E-02  5.836250E+00  4.744490E-02
  9.185520E-02  5.839540E+00  4.727180E-02
  9.212920E-02  5.769380E+00  4.774910E-02
  9.240320E-02  5.673970E+00  4.675470E-02
  9.267730E-02  5.625610E+00  4.698810E-02
  9.295130E-02  5.712970E+00  4.764760E-02
  9.322530E-02  5.617950E+00  4.638900E-02
  9.349940E-02  5.592320E+00  4.680300E-02
  9.377340E-02  5.628110E+00  4.715010E-02
  9.404740E-02  5.560710E+00  4.703190E-02
  9.432150E-02  5.537210E+00  4.666650E-02
  9.459550E-02  5.505020E+00  4.629350E-02
  9.486950E-02  5.386840E+00  4.638790E-02
  9.514360E-02  5.561710E+00  4.689650E-02
  9.541760E-02  5.390710E+00  4.648120E-02
  9.569160E-02  5.459420E+00  4.694090E-02
  9.596560E-02  5.248280E+00  4.538850E-02
  9.623970E-02  5.216980E+00  4.567200E-02
  9.651370E-02  5.270690E+00  4.517390E-02
  9.678770E-02  5.329010E+00  4.604510E-02
  9.706180E-02  5.199460E+00  4.531910E-02
  9.733580E-02  5.215980E+00  4.590770E-02
  9.760980E-02  5.224630E+00  4.618200E-02
  9.788390E-02  5.153840E+00  4.530230E-02
  9.815790E-02  5.134980E+00  4.582910E-02
  9.843190E-02  5.092240E+00  4.502820E-02
  9.870600E-02  4.998680E+00  4.508280E-02
  9.898000E-02  5.040270E+00  4.510670E-02
  9.925400E-02  5.026400E+00  4.539600E-02
  9.952800E-02  4.928960E+00  4.454990E-02
  9.980210E-02  4.853850E+00  4.384830E-02
  1.000760E-01  4.795000E+00  4.404440E-02
  1.003500E-01  4.886190E+00  4.456510E-02
  1.006240E-01  4.955270E+00  4.533480E-02
  1.008980E-01  4.835590E+00  4.468790E-02
  1.011720E-01  4.843070E+00  4.459960E-02
  1.014460E-01  4.792840E+00  4.433050E-02
  1.017200E-01  4.848320E+00  4.449450E-02
  1.019940E-01  4.763140E+00  4.455290E-02
  1.022680E-01  4.621520E+00  4.375880E-02
  1.025420E-01  4.751360E+00  4.450180E-02
  1.028160E-01  4.559310E+00  4.402400E-02
  1.030900E-01  4.616330E+00  4.319660E-02
  1.033640E-01  4.573400E+00  4.387120E-02
  1.036390E-01  4.579790E+00  4.345400E-02
  1.039130E-01  4.377740E+00  4.255980E-02
  1.041870E-01  4.508230E+00  4.342730E-02
  1.044610E-01  4.482480E+00  4.303530E-02
  1.047350E-01  4.489520E+00  4.396450E-02
  1.050090E-01  4.390200E+00  4.251240E-02
  1.052830E-01  4.374310E+00  4.307000E-02
  1.055570E-01  4.357430E+00  4.262520E-02
  1.058310E-01  4.373210E+00  4.286010E-02
  1.061050E-01  4.306410E+00  4.270800E-02
  1.063790E-01  4.302320E+00  4.229480E-02
  1.066530E-01  4.245940E+00  4.243820E-02
  1.069270E-01  4.253620E+00  4.206160E-02
  1.072010E-01  4.235920E+00  4.207930E-02
  1.074750E-01  4.136530E+00  4.201630E-02
  1.077490E-01  4.054410E+00  4.154250E-02
  1.080230E-01  4.107130E+00  4.195570E-02
  1.082970E-01  4.074820E+00  4.160940E-02
  1.085710E-01  3.998050E+00  4.115280E-02
  1.088450E-01  4.022070E+00  4.196110E-02
  1.091190E-01  4.088130E+00  4.171910E-02
  1.093930E-01  3.924430E+00  4.118510E-02
  1.096670E-01  3.967210E+00  4.084750E-02
  1.099410E-01  4.004870E+00  4.161100E-02
  1.102150E-01  3.906570E+00  4.123020E-02
  1.104890E-01  3.944530E+00  4.113310E-02
  1.107630E-01  3.855320E+00  4.073210E-02
  1.110370E-01  3.869470E+00  4.068700E-02
  1.113110E-01  3.738540E+00  4.032870E-02
  1.115850E-01  3.683780E+00  4.016690E-02
  1.118590E-01  3.758340E+00  4.015970E-02
  1.121330E-01  3.789750E+00  4.100160E-02
  1.124070E-01  3.755450E+00  4.023050E-02
  1.126820E-01  3.776570E+00  4.108240E-02
  1.129560E-01  3.649510E+00  4.012900E-02
  1.132300E-01  3.660530E+00  3.984170E-02
  1.135040E-01  3.657620E+00  4.043070E-02
  1.137780E-01  3.616530E+00  4.036140E-02
  1.140520E-01  3.550500E+00  3.958530E-02
  1.143260E-01  3.521000E+00  3.932360E-02
  1.146000E-01  3.562350E+00  3.968340E-02
  1.148740E-01  3.483220E+00  3.993550E-02
  1.151480E-01  3.466070E+00  3.974730E-02
  1.154220E-01  3.483770E+00  3.922040E-02
  1.156960E-01  3.419180E+00  3.932730E-02
  1.159700E-01  3.355200E+00  3.917360E-02
  1.162440E-01  3.400370E+00  3.932610E-02
  1.165180E-01  3.393310E+00  3.938210E-02
  1.167920E-01  3.339450E+00  3.858110E-02
  1.170660E-01  3.313860E+00  3.920490E-02
  1.173400E-01  3.324780E+00  3.900770E-02
  1.176140E-01  3.254970E+00  3.855750E-02
  1.178880E-01  3.357480E+00  3.897390E-02
  1.181620E-01  3.152050E+00  3.780530E-02
  1.184360E-01  3.244050E+00  3.918650E-02
  1.187100E-01  3.252680E+00  3.891860E-02
  1.189840E-01  3.210940E+00  3.855950E-02
  1.192580E-01  3.167340E+00  3.826720E-02
  1.195320E-01  3.129940E+00  3.764930E-02
  1.198060E-01  3.106990E+00  3.848560E-02
  1.200800E-01  3.089440E+00  3.778800E-02
  1.203540E-01  3.105330E+00  3.811360E-02
  1.206280E-01  3.051960E+00  3.792020E-02
  1.209020E-01  3.045260E+00  3.752650E-02
  1.211760E-01  2.924840E+00  3.721090E-02
  1.214510E-01  3.009860E+00  3.756100E-02
  1.217250E-01  3.024120E+00  3.804280E-02
  1.219990E-01  2.992180E+00  3.771020E-02
  1.222730E-01  2.965290E+00  3.747020E-02
  1.225470E-01  2.924840E+00  3.753930E-02
  1.228210E-01  2.893600E+00  3.694010E-02
  1.230950E-01  2.927230E+00  3.955270E-02
  1.233690E-01  2.905240E+00  4.047310E-02
  1.236430E-01  2.841100E+00  4.043680E-02
  1.241910E-01  2.858560E+00  4.211830E-02
  1.244650E-01  2.859990E+00  4.245280E-02
  1.247390E-01  2.852710E+00  4.409260E-02
  1.250130E-01  2.908730E+00  4.536090E-02
  1.252870E-01  2.849170E+00  4.504600E-02
  1.255610E-01  2.722480E+00  4.534390E-02
  1.258350E-01  2.746990E+00  4.525160E-02
  1.261090E-01  2.696780E+00  4.500410E-02
  1.263830E-01  2.704630E+00  4.702080E-02
  1.266570E-01  2.705690E+00  4.295320E-02
  1.269310E-01  2.700710E+00  4.162650E-02
  1.272050E-01  2.689030E+00  4.106990E-02
  1.274790E-01  2.595150E+00  3.952350E-02
  1.277530E-01  2.585930E+00  3.871270E-02
  1.280270E-01  2.616480E+00  3.889490E-02
  1.283010E-01  2.501410E+00  3.789340E-02
  1.285750E-01  2.535760E+00  3.742730E-02
  1.288490E-01  2.554640E+00  3.766230E-02
  1.291230E-01  2.420070E+00  3.732140E-02
  1.293970E-01  2.488340E+00  3.707070E-02
  1.296710E-01  2.455980E+00  3.735200E-02
  1.299450E-01  2.488400E+00  3.703590E-02
  1.302200E-01  2.378400E+00  3.636150E-02
  1.304940E-01  2.407840E+00  3.643330E-02
  1.307680E-01  2.350520E+00  3.589360E-02
  1.310420E-01  2.391680E+00  3.610260E-02
  1.313160E-01  2.353930E+00  3.592970E-02
  1.315900E-01  2.307280E+00  3.563970E-02
  1.318640E-01  2.361990E+00  3.559680E-02
  1.321380E-01  2.308910E+00  3.566280E-02
  1.324120E-01  2.248770E+00  3.520200E-02
  1.326860E-01  2.300500E+00  3.567730E-02
  1.329600E-01  2.299620E+00  3.575800E-02
  1.332340E-01  2.186500E+00  3.524760E-02
  1.335080E-01  2.232540E+00  3.530640E-02
  1.337820E-01  2.163200E+00  3.506720E-02
  1.340560E-01  2.216770E+00  3.563940E-02
  1.343300E-01  2.237880E+00  3.518570E-02
  1.346040E-01  2.123640E+00  3.516120E-02
  1.348780E-01  2.114660E+00  3.508270E-02
  1.351520E-01  2.149910E+00  3.551100E-02
  1.354260E-01  2.029640E+00  3.437160E-02
  1.357000E-01  2.096310E+00  3.467890E-02
  1.359740E-01  2.068030E+00  3.461010E-02
  1.362480E-01  2.110780E+00  3.493310E-02
  1.365220E-01  2.022950E+00  3.453960E-02
  1.367960E-01  2.020540E+00  3.473480E-02
  1.370700E-01  2.003920E+00  3.397800E-02
  1.373440E-01  2.007070E+00  3.437050E-02
  1.376180E-01  1.997870E+00  3.436730E-02
  1.378920E-01  2.023320E+00  3.451690E-02
  1.381660E-01  1.859270E+00  3.383980E-02
  1.384400E-01  1.947430E+00  3.405510E-02
  1.387140E-01  1.931340E+00  3.426260E-02
  1.389880E-01  1.929400E+00  3.438430E-02
  1.392630E-01  1.899610E+00  3.404040E-02
  1.395370E-01  1.956700E+00  3.381530E-02
  1.398110E-01  1.854640E+00  3.353240E-02
  1.400850E-01  1.909190E+00  3.431420E-02
  1.403590E-01  1.858780E+00  3.361610E-02
  1.406330E-01  1.861010E+00  3.378720E-02
  1.409070E-01  1.776110E+00  3.312010E-02
  1.411810E-01  1.814500E+00  3.334750E-02
  1.414550E-01  1.807520E+00  3.339020E-02
  1.417290E-01  1.833990E+00  3.403970E-02
  1.420030E-01  1.797000E+00  3.294380E-02
  1.422770E-01  1.742130E+00  3.315650E-02
  1.425510E-01  1.753240E+00  3.320780E-02
  1.428250E-01  1.729180E+00  3.310010E-02
  1.430990E-01  1.711830E+00  3.285130E-02
  1.433730E-01  1.740570E+00  3.329020E-02
  1.436470E-01  1.723460E+00  3.286270E-02
  1.439210E-01  1.680560E+00  3.345670E-02
  1.441950E-01  1.646840E+00  3.285990E-02
  1.444690E-01  1.637710E+00  3.292200E-02
  1.447430E-01  1.616270E+00  3.182360E-02
  1.450170E-01  1.619840E+00  3.241800E-02
  1.452910E-01  1.621680E+00  3.271910E-02
  1.455650E-01  1.611150E+00  3.298780E-02
  1.458390E-01  1.595790E+00  3.228540E-02
  1.461130E-01  1.573380E+00  3.227130E-02
  1.463870E-01  1.577950E+00  3.303330E-02
  1.466610E-01  1.530280E+00  3.226180E-02
  1.469350E-01  1.560540E+00  3.253680E-02
  1.472090E-01  1.531090E+00  3.271090E-02
  1.474830E-01  1.578260E+00  3.229130E-02
  1.477570E-01  1.520270E+00  3.232790E-02
  1.480320E-01  1.479060E+00  3.191890E-02
  1.483060E-01  1.503550E+00  3.183570E-02
  1.485800E-01  1.502870E+00  3.164780E-02
  1.488540E-01  1.436570E+00  3.175890E-02
  1.491280E-01  1.478870E+00  3.175550E-02
  1.494020E-01  1.442030E+00  3.136270E-02
  1.496760E-01  1.392200E+00  3.149780E-02
  1.499500E-01  1.511870E+00  3.168940E-02
  1.502240E-01  1.461470E+00  3.148330E-02
  1.504980E-01  1.411090E+00  3.070560E-02
  1.507720E-01  1.402260E+00  3.134140E-02
  1.510460E-01  1.382940E+00  3.097810E-02
  1.513200E-01  1.419550E+00  3.115840E-02
  1.515940E-01  1.396860E+00  3.127930E-02
  1.518680E-01  1.315660E+00  3.064270E-02
  1.521420E-01  1.327450E+00  3.098270E-02
  1.524160E-01  1.368100E+00  3.108700E-02
  1.526900E-01  1.338190E+00  3.098020E-02
  1.529640E-01  1.325750E+00  3.070230E-02
  1.532380E-01  1.334200E+00  3.079960E-02
  1.535120E-01  1.347830E+00  3.156700E-02
  1.537860E-01  1.287650E+00  3.117150E-02
  1.540600E-01  1.281720E+00  3.083920E-02
  1.543340E-01  1.259730E+00  3.071590E-02
  1.546080E-01  1.244700E+00  3.073860E-02
  1.548820E-01  1.268030E+00  3.059720E-02
  1.551560E-01  1.220230E+00  3.071710E-02
  1.554300E-01  1.226910E+00  3.057920E-02
  1.557040E-01  1.238930E+00  3.094790E-02
  1.559780E-01  1.204190E+00  3.041780E-02
  1.562520E-01  1.166880E+00  3.009070E-02
  1.565260E-01  1.202250E+00  3.038360E-02
  1.568010E-01  1.181040E+00  3.058290E-02
  1.570750E-01  1.183430E+00  3.058830E-02
  1.573490E-01  1.206180E+00  3.031970E-02
  1.576230E-01  1.169220E+00  3.091580E-02
  1.578970E-01  1.102300E+00  2.973990E-02
  1.581710E-01  1.150780E+00  3.025570E-02
  1.584450E-01  1.103160E+00  3.039790E-02
  1.587190E-01  1.064330E+00  2.982790E-02
  1.589930E-01  1.079910E+00  2.980900E-02
  1.592670E-01  1.091840E+00  3.001860E-02
  1.595410E-01  1.069770E+00  2.952490E-02
  1.598150E-01  1.026140E+00  2.923650E-02
  1.600890E-01  1.053720E+00  2.941250E-02
  1.603630E-01  1.091010E+00  3.040850E-02
  1.606370E-01  1.055600E+00  3.000430E-02
  1.609110E-01  1.023730E+00  2.948820E-02
  1.611850E-01  1.022550E+00  2.985240E-02
  1.614590E-01  1.048630E+00  2.991900E-02
  1.617330E-01  1.077180E+00  2.970560E-02
  1.620070E-01  1.008910E+00  2.969680E-02
  1.622810E-01  1.000960E+00  3.004350E-02
  1.625550E-01  9.859050E-01  2.958680E-02
  1.628290E-01  9.958550E-01  2.946680E-02
  1.631030E-01  9.812960E-01  2.968440E-02
  1.633770E-01  9.748360E-01  2.929480E-02
  1.636510E-01  9.810430E-01  2.990460E-02
  1.639250E-01  1.010030E+00  2.947170E-02
  1.641990E-01  9.902460E-01  2.965970E-02
  1.644730E-01  9.596580E-01  2.908130E-02
  1.647470E-01  9.104310E-01  2.951250E-02
  1.650210E-01  9.549220E-01  2.911760E-02
  1.652950E-01  9.448040E-01  2.941420E-02
  1.655690E-01  8.875460E-01  2.918790E-02
  1.658440E-01  9.156090E-01  2.906390E-02
  1.661180E-01  9.019410E-01  2.921490E-02
  1.663920E-01  8.732410E-01  2.906130E-02
  1.666660E-01  8.567170E-01  2.909890E-02
  1.669400E-01  8.660970E-01  2.924680E-02
  1.672140E-01  9.240600E-01  2.938480E-02
  1.674880E-01  8.395120E-01  2.906390E-02
  1.677620E-01  8.385040E-01  2.895350E-02
  1.680360E-01  8.608800E-01  2.873600E-02
  1.683100E-01  8.444660E-01  2.928080E-02
  1.685840E-01  8.449790E-01  2.857460E-02
  1.688580E-01  7.816920E-01  2.882180E-02
  1.691320E-01  8.447120E-01  2.842800E-02
  1.694060E-01  8.226280E-01  2.922950E-02
  1.696800E-01  7.940780E-01  2.897840E-02
  1.699540E-01  8.040060E-01  2.906960E-02
  1.702280E-01  8.188500E-01  2.886700E-02
  1.705020E-01  8.181730E-01  2.908280E-02
  1.707760E-01  8.016380E-01  2.848770E-02
  1.710500E-01  8.080980E-01  2.870080E-02
  1.713240E-01  8.033440E-01  2.867800E-02
  1.715980E-01  7.568060E-01  2.803900E-02
  1.718720E-01  7.531660E-01  2.853380E-02
  1.721460E-01  7.793980E-01  2.845860E-02
  1.724200E-01  7.548330E-01  2.849980E-02
  1.726940E-01  7.308010E-01  2.850090E-02
  1.729680E-01  7.628630E-01  2.854090E-02
  1.732420E-01  7.636180E-01  2.864610E-02
  1.735160E-01  7.305730E-01  2.888320E-02
  1.737900E-01  7.249820E-01  2.791530E-02
  1.740640E-01  6.903130E-01  2.833480E-02
  1.743380E-01  7.313210E-01  2.857460E-02
  1.746130E-01  6.628380E-01  2.829630E-02
  1.748870E-01  7.314210E-01  2.833240E-02
  1.751610E-01  7.216700E-01  2.838530E-02
  1.754350E-01  7.241490E-01  2.824690E-02
  1.757090E-01  7.059080E-01  2.836920E-02
  1.759830E-01  6.750610E-01  2.801870E-02
  1.762570E-01  7.228490E-01  2.867470E-02
  1.765310E-01  6.779670E-01  2.837050E-02
  1.768050E-01  7.081940E-01  2.839180E-02
  1.770790E-01  6.654490E-01  2.804260E-02
  1.773530E-01  6.407230E-01  2.829920E-02
  1.776270E-01  6.297690E-01  2.832130E-02
  1.779010E-01  6.042410E-01  2.805450E-02
  1.781750E-01  6.502030E-01  2.833900E-02
  1.784490E-01  6.501850E-01  2.771120E-02
  1.787230E-01  6.038210E-01  2.798280E-02
  1.789970E-01  6.497760E-01  2.820780E-02
  1.792710E-01  6.320480E-01  2.826880E-02
  1.795450E-01  6.314640E-01  2.829060E-02
  1.798190E-01  6.306160E-01  2.844300E-02
  1.800930E-01  6.326530E-01  2.774690E-02
  1.803670E-01  6.019760E-01  2.810820E-02
  1.806410E-01  6.320580E-01  2.830020E-02
  1.809150E-01  5.575110E-01  2.772170E-02
  1.811890E-01  5.526070E-01  2.759880E-02
  1.814630E-01  5.700570E-01  2.789330E-02
  1.817370E-01  6.381090E-01  2.798470E-02
  1.820110E-01  6.149470E-01  2.785820E-02
  1.822850E-01  5.296650E-01  2.715210E-02
  1.825590E-01  5.721010E-01  2.750330E-02
  1.828330E-01  5.480130E-01  2.757900E-02
  1.831070E-01  5.464600E-01  2.749920E-02
  1.833810E-01  5.592590E-01  2.745490E-02
  1.836560E-01  5.206450E-01  2.734460E-02
  1.839300E-01  5.218340E-01  2.750880E-02
  1.842040E-01  5.594620E-01  2.819940E-02
  1.844780E-01  5.146870E-01  2.734800E-02
  1.847520E-01  5.001280E-01  2.737400E-02
  1.850260E-01  5.395120E-01  2.754440E-02
  1.853000E-01  5.360220E-01  2.765220E-02
  1.855740E-01  5.419440E-01  2.759390E-02
  1.858480E-01  5.202140E-01  2.719520E-02
  1.861220E-01  5.365710E-01  2.776480E-02
  1.863960E-01  5.492090E-01  2.741410E-02
  1.866700E-01  5.078740E-01  2.741960E-02
  1.869440E-01  5.007590E-01  2.715000E-02
  1.872180E-01  4.970260E-01  2.751210E-02
  1.874920E-01  4.669480E-01  2.746650E-02
  1.877660E-01  4.831020E-01  2.716540E-02
  1.880400E-01  5.072220E-01  2.713710E-02
  1.883140E-01  4.720690E-01  2.693980E-02
  1.885880E-01  5.106200E-01  2.718720E-02
  1.888620E-01  4.348790E-01  2.689200E-02
  1.891360E-01  4.574470E-01  2.735150E-02
  1.894100E-01  4.748500E-01  2.719800E-02
  1.896840E-01  4.661540E-01  2.707580E-02
  1.899580E-01  4.678060E-01  2.648940E-02
  1.902320E-01  4.590460E-01  2.685750E-02
  1.905060E-01  4.119050E-01  2.654740E-02
  1.907800E-01  4.387540E-01  2.685350E-02
  1.910540E-01  4.313250E-01  2.702580E-02
  1.913280E-01  4.765460E-01  2.715380E-02
  1.916020E-01  4.190460E-01  2.680630E-02
  1.918760E-01  4.763820E-01  2.712960E-02
  1.921500E-01  4.021370E-01  2.709390E-02
  1.924250E-01  4.250320E-01  2.690630E-02
  1.926990E-01  4.378210E-01  2.678690E-02
  1.929730E-01  4.599180E-01  2.709120E-02
  1.932470E-01  4.806050E-01  2.743010E-02
  1.935210E-01  4.564170E-01  2.686640E-02
  1.937950E-01  4.191700E-01  2.693560E-02
  1.940690E-01  4.195980E-01  2.674590E-02
  1.943430E-01  3.913460E-01  2.683530E-02
  1.946170E-01  4.418800E-01  2.712030E-02
  1.948910E-01  4.105020E-01  2.675190E-02
  1.951650E-01  3.974790E-01  2.698110E-02
  1.954390E-01  4.131090E-01  2.710200E-02
  1.957130E-01  4.172860E-01  2.706440E-02
  1.959870E-01  3.741770E-01  2.694370E-02
  1.962610E-01  3.636570E-01  2.647590E-02
  1.965350E-01  3.893450E-01  2.702370E-02
  1.968090E-01  3.860580E-01  2.702070E-02
  1.970830E-01  4.290140E-01  2.696910E-02
  1.973570E-01  3.692910E-01  2.678080E-02
  1.976310E-01  4.285970E-01  2.736190E-02
  1.979050E-01  3.808080E-01  2.670190E-02
  1.981790E-01  3.806840E-01  2.674280E-02
  1.984530E-01  3.584260E-01  2.688710E-02
  1.987270E-01  3.618730E-01  2.675330E-02
  1.990010E-01  3.732910E-01  2.665570E-02
  1.992750E-01  3.624290E-01  2.659240E-02
  1.995490E-01  3.586220E-01  2.658640E-02
  1.998230E-01  3.330800E-01  2.621470E-02
  2.000970E-01  3.496190E-01  2.657590E-02
  2.003710E-01  3.124470E-01  2.662960E-02
  2.006450E-01  3.271230E-01  2.649050E-02
  2.009190E-01  3.798650E-01  2.726440E-02
  2.011940E-01  3.587710E-01  2.692690E-02
  2.014680E-01  3.699570E-01  2.673570E-02
  2.017420E-01  3.598110E-01  2.663370E-02
  2.020160E-01  3.751640E-01  2.678870E-02
  2.022900E-01  3.472830E-01  2.644580E-02
  2.025640E-01  3.441950E-01  2.663450E-02
  2.028380E-01  3.872580E-01  2.701110E-02
  2.031120E-01  3.409080E-01  2.680050E-02
  2.033860E-01  3.448080E-01  2.670080E-02
  2.036600E-01  3.451750E-01  2.631290E-02
  2.039340E-01  3.295300E-01  2.633950E-02
  2.042080E-01  3.380520E-01  2.655180E-02
  2.044820E-01  3.149110E-01  2.605240E-02
  2.047560E-01  2.890560E-01  2.637940E-02
  2.050300E-01  3.348970E-01  2.624750E-02
  2.053040E-01  3.266130E-01  2.670030E-02
  2.055780E-01  2.782730E-01  2.611380E-02
  2.058520E-01  3.459940E-01  2.661750E-02
  2.061260E-01  3.248220E-01  2.630620E-02
  2.064000E-01  3.185330E-01  2.656060E-02
  2.066740E-01  3.088390E-01  2.630880E-02
  2.069480E-01  3.196550E-01  2.624590E-02
  2.072220E-01  3.139250E-01  2.669270E-02
  2.074960E-01  3.143230E-01  2.668420E-02
  2.077700E-01  3.499390E-01  2.663500E-02
  2.080440E-01  3.283650E-01  2.644040E-02
  2.083180E-01  2.831940E-01  2.648910E-02
  2.085920E-01  3.100890E-01  2.672490E-02
  2.088660E-01  3.095160E-01  2.639140E-02
  2.091400E-01  2.951600E-01  2.641400E-02
  2.094140E-01  2.936220E-01  2.614710E-02
  2.096880E-01  2.679910E-01  2.625270E-02
  2.099620E-01  2.964600E-01  2.649590E-02
  2.102370E-01  3.193590E-01  2.630620E-02
  2.105110E-01  2.818550E-01  2.627140E-02
  2.107850E-01  3.251640E-01  2.663360E-02
  2.110590E-01  2.887500E-01  2.664680E-02
  2.113330E-01  3.243770E-01  2.644460E-02
  2.116070E-01  3.208550E-01  2.651380E-02
  2.118810E-01  3.090950E-01  2.663210E-02
  2.121550E-01  3.004310E-01  2.602180E-02
  2.124290E-01  3.297510E-01  2.650430E-02
  2.127030E-01  3.051250E-01  2.654270E-02
  2.129770E-01  3.074960E-01  2.660280E-02
  2.132510E-01  2.932410E-01  2.663380E-02
  2.135250E-01  2.766560E-01  2.611770E-02
  2.137990E-01  2.555380E-01  2.613670E-02
  2.140730E-01  3.104310E-01  2.619070E-02
  2.143470E-01  2.723110E-01  2.605410E-02
  2.146210E-01  2.829450E-01  2.594680E-02
  2.148950E-01  2.794760E-01  2.630640E-02
  2.151690E-01  2.511220E-01  2.632020E-02
  2.154430E-01  2.753350E-01  2.579280E-02
  2.157170E-01  2.437140E-01  2.614090E-02
  2.159910E-01  2.848080E-01  2.582080E-02
  2.162650E-01  2.765060E-01  2.632390E-02
  2.165390E-01  2.949040E-01  2.608520E-02
  2.168130E-01  2.772610E-01  2.638230E-02
  2.170870E-01  2.689850E-01  2.557400E-02
  2.173610E-01  2.899610E-01  2.611380E-02
  2.176350E-01  2.504990E-01  2.617240E-02
  2.179090E-01  2.789960E-01  2.607780E-02
  2.181830E-01  2.847260E-01  2.618840E-02
  2.184570E-01  3.133400E-01  2.641140E-02
  2.187310E-01  3.027390E-01  2.594600E-02
  2.190060E-01  2.836470E-01  2.599630E-02
  2.192800E-01  2.711470E-01  2.600140E-02
  2.195540E-01  2.538140E-01  2.604700E-02
  2.198280E-01  2.693980E-01  2.610390E-02
  2.201020E-01  2.397260E-01  2.617770E-02
  2.203760E-01  2.704990E-01  2.628650E-02
  2.206500E-01  2.837610E-01  2.608990E-02
  2.209240E-01  2.238600E-01  2.588860E-02
  2.211980E-01  2.681450E-01  2.646110E-02
  2.214720E-01  2.554990E-01  2.618420E-02
  2.217460E-01  2.264320E-01  2.552740E-02
  2.220200E-01  2.285080E-01  2.566140E-02
  2.222940E-01  2.417310E-01  2.607530E-02
  2.225680E-01  2.664170E-01  2.591790E-02
  2.228420E-01  2.572830E-01  2.609990E-02
  2.231160E-01  2.570870E-01  2.584950E-02
  2.233900E-01  2.634050E-01  2.583690E-02
  2.236640E-01  2.559540E-01  2.575650E-02
  2.239380E-01  2.430340E-01  2.601620E-02
  2.242120E-01  2.907910E-01  2.620770E-02
  2.244860E-01  2.768480E-01  2.584760E-02
  2.247600E-01  2.512320E-01  2.638060E-02
  2.250340E-01  2.381590E-01  2.576540E-02
  2.253080E-01  2.218060E-01  2.592090E-02
  2.255820E-01  2.576140E-01  2.596690E-02
  2.258560E-01  2.287640E-01  2.596810E-02
  2.261300E-01  2.263920E-01  2.588280E-02
  2.264040E-01  2.361570E-01  2.592930E-02
  2.266780E-01  2.635860E-01  2.595910E-02
  2.269520E-01  2.709440E-01  2.628390E-02
  2.272260E-01  2.614740E-01  2.601460E-02
  2.275000E-01  2.472830E-01  2.567830E-02
  2.277750E-01  2.556980E-01  2.633670E-02
  2.280490E-01  2.518450E-01  2.601930E-02
  2.283230E-01  2.979990E-01  2.642320E-02
  2.285970E-01  2.731410E-01  2.563590E-02
  2.288710E-01  2.613850E-01  2.545200E-02
  2.291450E-01  2.351210E-01  2.571410E-02
  2.294190E-01  2.752530E-01  2.585830E-02
  2.296930E-01  1.826960E-01  2.610840E-02
  2.299670E-01  2.054590E-01  2.562170E-02
  2.302410E-01  2.235790E-01  2.620580E-02
  2.305150E-01  2.883830E-01  2.613460E-02
  2.307890E-01  2.475110E-01  2.583390E-02
  2.310630E-01  2.207440E-01  2.594570E-02
  2.313370E-01  2.406020E-01  2.579100E-02
  2.316110E-01  2.105090E-01  2.562120E-02
  2.318850E-01  2.220620E-01  2.590100E-02
  2.321590E-01  2.552600E-01  2.582420E-02
  2.324330E-01  2.629840E-01  2.580560E-02
  2.327070E-01  2.857550E-01  2.588930E-02
  2.329810E-01  2.205590E-01  2.584040E-02
  2.332550E-01  2.082590E-01  2.539110E-02
  2.335290E-01  2.299890E-01  2.583700E-02
  2.338030E-01  2.678100E-01  2.563140E-02
  2.340770E-01  2.367060E-01  2.558450E-02
  2.343510E-01  2.355160E-01  2.566300E-02
  2.346250E-01  2.326780E-01  2.574570E-02
  2.348990E-01  2.259400E-01  2.605500E-02
  2.351730E-01  2.428310E-01  2.595930E-02
  2.354470E-01  2.596230E-01  2.606960E-02
  2.357210E-01  1.699610E-01  2.552240E-02
  2.359950E-01  2.588890E-01  2.600270E-02
  2.362690E-01  2.294620E-01  2.561530E-02
  2.365430E-01  2.008120E-01  2.562590E-02
  2.368180E-01  2.296870E-01  2.533280E-02
  2.370920E-01  2.447540E-01  2.545510E-02
  2.373660E-01  2.440920E-01  2.524260E-02
  2.376400E-01  2.518800E-01  2.549090E-02
  2.379140E-01  2.692130E-01  2.545930E-02
  2.381880E-01  1.929700E-01  2.544770E-02
  2.384620E-01  2.228880E-01  2.581220E-02
  2.387360E-01  1.968520E-01  2.528150E-02
  2.390100E-01  2.278560E-01  2.571390E-02
  2.392840E-01  2.179770E-01  2.575240E-02
  2.395580E-01  2.039140E-01  2.540460E-02
  2.398320E-01  2.631090E-01  2.600630E-02
  2.401060E-01  2.147760E-01  2.607420E-02
  2.403800E-01  2.082090E-01  2.576780E-02
  2.406540E-01  2.240630E-01  2.552770E-02
  2.409280E-01  2.894300E-01  2.566940E-02
  2.412020E-01  2.444940E-01  2.576680E-02
  2.414760E-01  2.564170E-01  2.569970E-02
  2.417500E-01  2.218550E-01  2.543950E-02
  2.420240E-01  2.380980E-01  2.582400E-02
  2.422980E-01  2.147970E-01  2.557540E-02
  2.425720E-01  2.211180E-01  2.550260E-02
  2.428460E-01  2.118630E-01  2.552820E-02
  2.431200E-01  2.182590E-01  2.525200E-02
  2.433940E-01  1.943200E-01  2.553140E-02
  2.436680E-01  1.921050E-01  2.547230E-02
  2.439420E-01  2.751820E-01  2.526830E-02
  2.442160E-01  2.232980E-01  2.531600E-02
  2.444900E-01  2.377670E-01  2.552830E-02
  2.447640E-01  2.223610E-01  2.540900E-02
  2.450380E-01  1.986500E-01  2.532660E-02
  2.453120E-01  2.147650E-01  2.590240E-02
  2.455870E-01  2.153420E-01  2.559080E-02
  2.458610E-01  2.457230E-01  2.566870E-02
  2.461350E-01  1.900640E-01  2.529700E-02
  2.464090E-01  2.120330E-01  2.552220E-02
  2.466830E-01  2.219620E-01  2.554330E-02
  2.469570E-01  2.350460E-01  2.568260E-02
  2.472310E-01  2.111570E-01  2.539520E-02
  2.475050E-01  2.431910E-01  2.579330E-02
  2.477790E-01  2.152920E-01  2.530340E-02
  2.480530E-01  1.964070E-01  2.570060E-02
  2.483270E-01  2.033690E-01  2.566850E-02
  2.486010E-01  2.043630E-01  2.540300E-02
  2.488750E-01  1.913780E-01  2.537600E-02
  2.491490E-01  2.469120E-01  2.558220E-02
  2.494230E-01  2.324640E-01  2.510560E-02
  2.496970E-01  2.200000E-01  2.479590E-02
  2.499710E-01  1.719200E-01  2.547990E-02
  2.502450E-01  2.602280E-01  2.597620E-02
  2.505190E-01  2.308550E-01  2.571560E-02
  2.507930E-01  2.157340E-01  2.524990E-02
  2.510670E-01  2.229810E-01  2.566190E-02
  2.513410E-01  1.764280E-01  2.561790E-02
  2.516150E-01  2.446330E-01  2.576670E-02
  2.518890E-01  2.404380E-01  2.591840E-02
  2.521630E-01  1.995550E-01  2.524980E-02
  2.524370E-01  2.054590E-01  2.558100E-02
  2.527110E-01  2.163460E-01  2.547030E-02
  2.529850E-01  2.200180E-01  2.555160E-02
  2.532590E-01  2.318840E-01  2.547960E-02
  2.535330E-01  2.591450E-01  2.554540E-02
  2.538070E-01  2.497830E-01  2.563160E-02
  2.540810E-01  1.922650E-01  2.499380E-02
  2.543560E-01  1.698750E-01  2.497250E-02
  2.546300E-01  2.169910E-01  2.527470E-02
  2.549040E-01  2.446010E-01  2.550180E-02
  2.551780E-01  2.000280E-01  2.526540E-02
  2.554520E-01  1.942910E-01  2.496790E-02
  2.557260E-01  2.493630E-01  2.539040E-02
  2.560000E-01  2.053130E-01  2.520440E-02
  2.562740E-01  2.396370E-01  2.516190E-02
  2.565480E-01  1.829340E-01  2.510470E-02
  2.568220E-01  2.050250E-01  2.508360E-02
  2.570960E-01  2.119230E-01  2.542520E-02
  2.573700E-01  1.937290E-01  2.544500E-02
  2.576440E-01  2.195510E-01  2.532370E-02
  2.579180E-01  2.166700E-01  2.544130E-02
  2.581920E-01  2.273900E-01  2.543160E-02
  2.584660E-01  1.866380E-01  2.554240E-02
  2.587400E-01  2.476390E-01  2.836240E-02
  2.590140E-01  2.459220E-01  3.003730E-02
  2.592880E-01  1.701000E-01  3.099390E-02
  2.595620E-01  1.648010E-01  3.204560E-02
  2.598360E-01  2.249720E-01  3.303660E-02
  2.601100E-01  2.048790E-01  3.387600E-02
  2.603840E-01  1.867700E-01  3.569840E-02
  2.606580E-01  1.889920E-01  3.590630E-02
  2.609320E-01  1.700530E-01  3.618350E-02
  2.612060E-01  2.221550E-01  3.733910E-02
  2.614800E-01  2.201780E-01  3.878470E-02
  2.617540E-01  2.121790E-01  3.921430E-02
  2.620280E-01  2.061970E-01  3.215220E-02
  2.623020E-01  2.331590E-01  3.093690E-02
  2.625760E-01  2.264100E-01  2.988110E-02
  2.628500E-01  2.252390E-01  2.916690E-02
  2.631240E-01  1.827030E-01  2.868530E-02
  2.633990E-01  1.659400E-01  2.846460E-02
  2.636730E-01  2.066770E-01  2.775380E-02
  2.639470E-01  2.362290E-01  2.810850E-02
  2.642210E-01  2.442020E-01  2.757620E-02
  2.644950E-01  1.619410E-01  2.733790E-02
  2.647690E-01  2.678170E-01  2.802140E-02
  2.650430E-01  1.865560E-01  2.718680E-02
  2.653170E-01  1.969730E-01  2.756280E-02
  2.655910E-01  1.932660E-01  2.715380E-02
  2.658650E-01  2.086570E-01  2.756460E-02
  2.661390E-01  2.335540E-01  2.738070E-02
  2.664130E-01  2.178130E-01  2.729130E-02
  2.666870E-01  2.428100E-01  2.700600E-02
  2.669610E-01  1.743660E-01  2.723320E-02
  2.672350E-01  2.202100E-01  2.731080E-02
  2.675090E-01  2.215280E-01  2.749960E-02
  2.677830E-01  1.960930E-01  2.748590E-02
  2.680570E-01  2.444730E-01  2.702930E-02
  2.683310E-01  2.222360E-01  2.761330E-02
  2.686050E-01  1.858400E-01  2.728430E-02
  2.688790E-01  2.094730E-01  2.671320E-02
  2.691530E-01  1.735330E-01  2.665470E-02
  2.694270E-01  2.010860E-01  2.753590E-02
  2.697010E-01  2.292270E-01  2.697300E-02
  2.699750E-01  1.982230E-01  2.727090E-02
  2.702490E-01  1.848500E-01  2.683120E-02
  2.705230E-01  1.663820E-01  2.664570E-02
  2.707970E-01  2.086180E-01  2.710540E-02
  2.710710E-01  2.100780E-01  2.700390E-02
  2.713450E-01  2.075500E-01  2.621230E-02
  2.716190E-01  2.324150E-01  2.694250E-02
  2.718930E-01  2.014100E-01  2.643610E-02
  2.721680E-01  2.238070E-01  2.645380E-02
  2.724420E-01  2.377240E-01  2.648280E-02
  2.727160E-01  1.734370E-01  2.617620E-02
  2.729900E-01  2.158690E-01  2.560950E-02
  2.732640E-01  2.076750E-01  2.591270E-02
  2.735380E-01  1.984050E-01  2.588440E-02
  2.738120E-01  2.066450E-01  2.579530E-02
  2.740860E-01  2.235750E-01  2.591280E-02
  2.743600E-01  1.709150E-01  2.498900E-02
  2.746340E-01  2.014670E-01  2.549150E-02
  2.749080E-01  2.001460E-01  2.535510E-02
  2.751820E-01  1.978670E-01  2.554870E-02
  2.754560E-01  1.897790E-01  2.568950E-02
  2.757300E-01  2.015880E-01  2.543700E-02
  2.760040E-01  2.559400E-01  2.582780E-02
  2.762780E-01  2.193910E-01  2.539830E-02
  2.765520E-01  1.753240E-01  2.567590E-02
  2.768260E-01  1.909720E-01  2.528890E-02
  2.771000E-01  2.262860E-01  2.567110E-02
  2.773740E-01  1.797930E-01  2.563030E-02
  2.776480E-01  1.756620E-01  2.547970E-02
  2.779220E-01  2.097360E-01  2.528310E-02
  2.781960E-01  1.959510E-01  2.504260E-02
  2.784700E-01  1.965170E-01  2.550810E-02
  2.787440E-01  1.844020E-01  2.538870E-02
  2.790180E-01  2.437220E-01  2.569750E-02
  2.792920E-01  1.753170E-01  2.553800E-02
  2.795660E-01  1.873290E-01  2.580410E-02
  2.798400E-01  2.023040E-01  2.543760E-02
  2.801140E-01  2.250360E-01  2.549940E-02
  2.803880E-01  2.227530E-01  2.526860E-02
  2.806620E-01  2.100610E-01  2.517050E-02
  2.809360E-01  1.397190E-01  2.515380E-02
  2.812110E-01  1.997260E-01  2.556520E-02
  2.814850E-01  2.063210E-01  2.481120E-02
  2.817590E-01  1.675360E-01  2.527840E-02
  2.820330E-01  1.978100E-01  2.552640E-02
  2.823070E-01  2.225680E-01  2.590450E-02
  2.825810E-01  2.029170E-01  2.552710E-02
  2.828550E-01  1.946620E-01  2.538210E-02
  2.831290E-01  1.788390E-01  2.535000E-02
  2.834030E-01  1.984620E-01  2.484100E-02
  2.836770E-01  2.050280E-01  2.537300E-02
  2.839510E-01  1.732940E-01  2.521480E-02
  2.842250E-01  2.394760E-01  2.563330E-02
  2.844990E-01  2.178280E-01  2.543470E-02
  2.847730E-01  1.713710E-01  2.503380E-02
  2.850470E-01  1.980520E-01  2.561680E-02
  2.853210E-01  2.087110E-01  2.513280E-02
  2.855950E-01  2.277350E-01  2.573030E-02
  2.858690E-01  2.061970E-01  2.551440E-02
  2.861430E-01  1.752420E-01  2.527490E-02
  2.864170E-01  1.835790E-01  2.494370E-02
  2.866910E-01  1.612710E-01  2.505880E-02
  2.869650E-01  1.791840E-01  2.546060E-02
  2.872390E-01  1.492490E-01  2.483090E-02
  2.875130E-01  1.864390E-01  2.532570E-02
  2.877870E-01  2.164490E-01  2.555200E-02
  2.880610E-01  2.115310E-01  2.524790E-02
  2.883350E-01  2.029310E-01  2.494150E-02
  2.886090E-01  2.072540E-01  2.558130E-02
  2.888830E-01  2.229240E-01  2.521310E-02
  2.891570E-01  1.857550E-01  2.518980E-02
  2.894310E-01  2.014070E-01  2.496930E-02
  2.897050E-01  1.926180E-01  2.523630E-02
  2.899800E-01  1.708900E-01  2.540830E-02
  2.902540E-01  2.053240E-01  2.532810E-02
  2.905280E-01  2.092410E-01  2.517680E-02
  2.908020E-01  1.959860E-01  2.530950E-02
  2.910760E-01  1.826030E-01  2.491150E-02
  2.913500E-01  1.868770E-01  2.511550E-02
  2.916240E-01  1.547150E-01  2.478850E-02
  2.918980E-01  1.895730E-01  2.509210E-02
  2.921720E-01  1.663460E-01  2.534060E-02
  2.924460E-01  1.781660E-01  2.500340E-02
  2.927200E-01  2.003130E-01  2.505410E-02
  2.929940E-01  2.004810E-01  2.536210E-02
  2.932680E-01  2.036430E-01  2.521580E-02
  2.935420E-01  1.638850E-01  2.496370E-02
  2.938160E-01  2.095550E-01  2.546440E-02
  2.940900E-01  2.021760E-01  2.512410E-02
  2.943640E-01  1.902140E-01  2.509140E-02
  2.946380E-01  2.127490E-01  2.507820E-02
  2.949120E-01  2.042590E-01  2.494890E-02
  2.951860E-01  1.930840E-01  2.527980E-02
  2.954600E-01  1.903560E-01  2.505750E-02
  2.957340E-01  2.242450E-01  2.515340E-02
  2.960080E-01  1.591600E-01  2.502610E-02
  2.962820E-01  1.749290E-01  2.514730E-02
  2.965560E-01  1.799320E-01  2.495820E-02
  2.968300E-01  1.652740E-01  2.476820E-02
  2.971040E-01  1.749430E-01  2.482490E-02
  2.973780E-01  1.570440E-01  2.536920E-02
  2.976520E-01  2.030380E-01  2.521590E-02
  2.979260E-01  2.137710E-01  2.476660E-02
  2.982000E-01  1.879590E-01  2.497350E-02
  2.984740E-01  1.605160E-01  2.528640E-02
  2.987490E-01  1.738350E-01  2.507810E-02
  2.990230E-01  1.905450E-01  2.503900E-02
  2.992970E-01  1.815740E-01  2.438930E-02
  2.995710E-01  1.778310E-01  2.527270E-02
  2.998450E-01  1.912570E-01  2.473420E-02
  3.001190E-01  1.597290E-01  2.484610E-02
  3.003930E-01  1.990810E-01  2.508070E-02
  3.006670E-01  1.924680E-01  2.495990E-02
  3.009410E-01  1.963280E-01  2.476970E-02
  3.012150E-01  1.793730E-01  2.497150E-02
  3.014890E-01  1.926640E-01  2.444130E-02
  3.017630E-01  2.071120E-01  2.476140E-02
  3.020370E-01  2.134080E-01  2.484990E-02
  3.023110E-01  2.145090E-01  2.462890E-02
  3.025850E-01  1.805020E-01  2.493850E-02
  3.028590E-01  1.973900E-01  2.473080E-02
  3.031330E-01  1.793980E-01  2.482020E-02
  3.034070E-01  1.910080E-01  2.471980E-02
  3.036810E-01  2.098750E-01  2.494210E-02
  3.039550E-01  2.004490E-01  2.515510E-02
  3.042290E-01  1.622610E-01  2.483700E-02
  3.045030E-01  1.956340E-01  2.517940E-02
  3.047770E-01  2.236750E-01  2.506200E-02
  3.050510E-01  1.824720E-01  2.501270E-02
  3.053250E-01  1.815100E-01  2.481520E-02
  3.055990E-01  2.037290E-01  2.502340E-02
  3.058730E-01  2.344690E-01  2.425860E-02
  3.061470E-01  1.558690E-01  2.488800E-02
  3.064210E-01  2.100210E-01  2.466540E-02
  3.066950E-01  1.651890E-01  2.467960E-02
  3.069690E-01  2.037460E-01  2.484800E-02
  3.072430E-01  2.024540E-01  2.482080E-02
  3.075170E-01  2.002210E-01  2.441800E-02
  3.077920E-01  1.394840E-01  2.490490E-02
  3.080660E-01  1.530980E-01  2.438620E-02
  3.083400E-01  1.943300E-01  2.531090E-02
  3.086140E-01  1.385790E-01  2.474370E-02
  3.088880E-01  1.950530E-01  2.495860E-02
  3.091620E-01  1.571230E-01  2.460880E-02
  3.094360E-01  1.930380E-01  2.492580E-02
  3.097100E-01  1.897440E-01  2.461280E-02
  3.099840E-01  1.874180E-01  2.540390E-02
  3.102580E-01  2.043630E-01  2.473000E-02
  3.105320E-01  2.136890E-01  2.485680E-02
  3.108060E-01  1.746230E-01  2.481490E-02
  3.110800E-01  1.367980E-01  2.470100E-02
  3.113540E-01  1.454130E-01  2.459750E-02
  3.116280E-01  1.893160E-01  2.507440E-02
  3.119020E-01  1.801600E-01  2.478060E-02
  3.121760E-01  1.660680E-01  2.465980E-02
  3.124500E-01  1.679770E-01  2.482210E-02
  3.127240E-01  1.895480E-01  2.446680E-02
  3.129980E-01  1.630950E-01  2.495740E-02
  3.132720E-01  1.733510E-01  2.504220E-02
  3.135460E-01  2.043770E-01  2.467860E-02
  3.138200E-01  1.562890E-01  2.476830E-02
  3.140940E-01  2.283230E-01  2.505420E-02
  3.143680E-01  1.777560E-01  2.485220E-02
  3.146420E-01  1.929170E-01  2.479220E-02
  3.149160E-01  1.852490E-01  2.445620E-02
  3.151900E-01  1.851000E-01  2.444310E-02
  3.154640E-01  1.421620E-01  2.463610E-02
  3.157380E-01  1.922510E-01  2.498650E-02
  3.160120E-01  1.943730E-01  2.491000E-02
  3.162860E-01  1.811930E-01  2.427550E-02
  3.165610E-01  1.548750E-01  2.434370E-02
  3.168350E-01  1.586540E-01  2.447880E-02
  3.171090E-01  1.513250E-01  2.458860E-02
  3.173830E-01  1.925930E-01  2.466220E-02
  3.176570E-01  1.472010E-01  2.464480E-02
  3.179310E-01  1.600820E-01  2.454050E-02
  3.182050E-01  1.885540E-01  2.490510E-02
  3.184790E-01  1.621260E-01  2.440290E-02
  3.187530E-01  1.516450E-01  2.461580E-02
  3.190270E-01  1.763570E-01  2.459090E-02
  3.193010E-01  1.983400E-01  2.480390E-02
  3.195750E-01  1.476500E-01  2.471590E-02
  3.198490E-01  1.647470E-01  2.436960E-02
  3.201230E-01  1.412890E-01  2.435710E-02
  3.203970E-01  1.960720E-01  2.464640E-02
  3.206710E-01  1.977990E-01  2.436540E-02
  3.209450E-01  1.645370E-01  2.476480E-02
  3.212190E-01  2.014350E-01  2.459330E-02
  3.214930E-01  2.123610E-01  2.466570E-02
  3.217670E-01  2.088210E-01  2.471420E-02
  3.220410E-01  1.645190E-01  2.445660E-02
  3.223150E-01  1.763460E-01  2.459280E-02
  3.225890E-01  1.563640E-01  2.458790E-02
  3.228630E-01  1.851180E-01  2.469640E-02
  3.231370E-01  1.473720E-01  2.433740E-02
  3.234110E-01  1.774930E-01  2.487560E-02
  3.236850E-01  1.552780E-01  2.447610E-02
  3.239590E-01  1.798110E-01  2.486040E-02
  3.242330E-01  2.036750E-01  2.465580E-02
  3.245070E-01  1.807510E-01  2.480270E-02
  3.247810E-01  1.580060E-01  2.455980E-02
  3.250550E-01  1.956450E-01  2.483270E-02
  3.253300E-01  1.822330E-01  2.445730E-02
  3.256040E-01  1.532620E-01  2.436750E-02
  3.258780E-01  1.239920E-01  2.426300E-02
  3.261520E-01  1.777140E-01  2.449090E-02
  3.264260E-01  1.720440E-01  2.431800E-02
  3.267000E-01  1.420090E-01  2.427140E-02
  3.269740E-01  1.727740E-01  2.463880E-02
  3.272480E-01  1.814810E-01  2.444880E-02
  3.275220E-01  1.742340E-01  2.467210E-02
  3.277960E-01  1.388350E-01  2.412740E-02
  3.280700E-01  1.822760E-01  2.465220E-02
  3.283440E-01  1.848250E-01  2.437860E-02
  3.286180E-01  1.503420E-01  2.418340E-02
  3.288920E-01  1.675460E-01  2.450280E-02
  3.291660E-01  1.724220E-01  2.412940E-02
  3.294400E-01  1.660860E-01  2.415400E-02
  3.297140E-01  1.712930E-01  2.417190E-02
  3.299880E-01  1.777070E-01  2.431830E-02
  3.302620E-01  1.848750E-01  2.432530E-02
  3.305360E-01  1.473010E-01  2.431690E-02
  3.308100E-01  1.374860E-01  2.402850E-02
  3.310840E-01  1.788710E-01  2.473490E-02
  3.313580E-01  1.906910E-01  2.416780E-02
  3.316320E-01  1.612140E-01  2.457060E-02
  3.319060E-01  1.920900E-01  2.404810E-02
  3.321800E-01  1.664280E-01  2.470480E-02
  3.324540E-01  1.641560E-01  2.439190E-02
  3.327280E-01  1.167660E-01  2.410810E-02
  3.330020E-01  1.910650E-01  2.429490E-02
  3.332760E-01  1.857160E-01  2.424860E-02
  3.335500E-01  1.299790E-01  2.432810E-02
  3.338240E-01  1.614250E-01  2.430720E-02
  3.340980E-01  1.740030E-01  2.382540E-02
  3.343730E-01  1.907300E-01  2.437720E-02
  3.346470E-01  1.407020E-01  2.435990E-02
  3.349210E-01  1.355630E-01  2.418350E-02
  3.351950E-01  1.103060E-01  2.399890E-02
  3.354690E-01  1.648820E-01  2.411900E-02
  3.357430E-01  1.525640E-01  2.473840E-02
  3.360170E-01  1.580270E-01  2.438040E-02
  3.362910E-01  1.852560E-01  2.432910E-02
  3.365650E-01  1.572650E-01  2.431820E-02
  3.368390E-01  1.606270E-01  2.430380E-02
  3.371130E-01  1.600180E-01  2.415040E-02
  3.373870E-01  1.771400E-01  2.441090E-02
  3.376610E-01  1.755380E-01  2.434660E-02
  3.379350E-01  1.304380E-01  2.407300E-02
  3.382090E-01  1.477100E-01  2.433380E-02
  3.384830E-01  1.592880E-01  2.469920E-02
  3.387570E-01  1.993200E-01  2.425990E-02
  3.390310E-01  1.555590E-01  2.430320E-02
  3.393050E-01  1.475570E-01  2.422880E-02
  3.395790E-01  1.796190E-01  2.420230E-02
  3.398530E-01  1.554670E-01  2.444100E-02
  3.401270E-01  1.549430E-01  2.403070E-02
  3.404010E-01  1.962610E-01  2.441500E-02
  3.406750E-01  1.485360E-01  2.406300E-02
  3.409490E-01  1.783730E-01  2.418900E-02
  3.412230E-01  1.998330E-01  2.472690E-02
  3.414970E-01  2.063890E-01  2.427360E-02
  3.417710E-01  1.608010E-01  2.411990E-02
  3.420450E-01  1.538570E-01  2.454730E-02
  3.423190E-01  1.623860E-01  2.426150E-02
  3.425930E-01  1.430270E-01  2.393560E-02
  3.428670E-01  1.618160E-01  2.412890E-02
  3.431420E-01  1.368770E-01  2.415990E-02
  3.434160E-01  1.741520E-01  2.435440E-02
  3.436900E-01  1.637960E-01  2.433690E-02
  3.439640E-01  1.520330E-01  2.418340E-02
  3.442380E-01  1.779200E-01  2.394780E-02
  3.445120E-01  1.464640E-01  2.413720E-02
  3.447860E-01  1.376820E-01  2.398110E-02
  3.450600E-01  1.215530E-01  2.399730E-02
  3.453340E-01  1.540030E-01  2.356050E-02
  3.456080E-01  2.084050E-01  2.398060E-02
  3.458820E-01  1.428630E-01  2.414860E-02
  3.461560E-01  1.735190E-01  2.441040E-02
  3.464300E-01  1.525210E-01  2.423450E-02
  3.467040E-01  1.313250E-01  2.434240E-02
  3.469780E-01  1.351600E-01  2.409120E-02
  3.472520E-01  1.761570E-01  2.457950E-02
  3.475260E-01  1.410220E-01  2.445150E-02
  3.478000E-01  1.344730E-01  2.425390E-02
  3.480740E-01  1.720730E-01  2.406640E-02
  3.483480E-01  1.717240E-01  2.378470E-02
  3.486220E-01  1.318660E-01  2.413380E-02
  3.488960E-01  1.931870E-01  2.413150E-02
  3.491700E-01  1.551670E-01  2.404560E-02
  3.494440E-01  1.550780E-01  2.445880E-02
  3.497180E-01  1.721760E-01  2.404410E-02
  3.499920E-01  1.077530E-01  2.394890E-02
  3.502660E-01  1.856130E-01  2.398030E-02
  3.505400E-01  1.434080E-01  2.369030E-02
  3.508140E-01  1.134050E-01  2.393300E-02
  3.510880E-01  1.469300E-01  2.406560E-02
  3.513620E-01  1.660790E-01  2.420470E-02
  3.516360E-01  1.556730E-01  2.393160E-02
  3.519100E-01  1.822150E-01  2.425130E-02
  3.521850E-01  1.573860E-01  2.435720E-02
  3.524590E-01  1.520090E-01  2.385250E-02
  3.527330E-01  1.441130E-01  2.378370E-02
  3.530070E-01  1.297190E-01  2.394950E-02
  3.532810E-01  1.547930E-01  2.403620E-02
  3.535550E-01  1.498290E-01  2.430070E-02
  3.538290E-01  1.344160E-01  2.397820E-02
  3.541030E-01  1.129270E-01  2.415710E-02
  3.543770E-01  1.677880E-01  2.410050E-02
  3.546510E-01  1.389000E-01  2.436720E-02
  3.549250E-01  1.308650E-01  2.391820E-02
  3.551990E-01  1.254420E-01  2.356170E-02
  3.554730E-01  1.512070E-01  2.359580E-02
  3.557470E-01  1.669940E-01  2.429960E-02
  3.560210E-01  1.475500E-01  2.375250E-02
  3.562950E-01  1.696690E-01  2.422660E-02
  3.565690E-01  1.323540E-01  2.405670E-02
  3.568430E-01  1.345800E-01  2.416350E-02
  3.571170E-01  1.800750E-01  2.458920E-02
  3.573910E-01  1.268300E-01  2.369070E-02
  3.576650E-01  1.583160E-01  2.425570E-02
  3.579390E-01  1.673470E-01  2.400100E-02
  3.582130E-01  1.457870E-01  2.355660E-02
  3.584870E-01  1.698220E-01  2.371980E-02
  3.587610E-01  1.849790E-01  2.397510E-02
  3.590350E-01  1.662140E-01  2.419340E-02
  3.593090E-01  1.362820E-01  2.337910E-02
  3.595830E-01  1.387890E-01  2.419450E-02
  3.598570E-01  1.608580E-01  2.400770E-02
  3.601310E-01  1.333230E-01  2.407570E-02
  3.604050E-01  1.570260E-01  2.455280E-02
  3.606790E-01  1.295120E-01  2.404410E-02
  3.609540E-01  1.275180E-01  2.383670E-02
  3.612280E-01  1.735610E-01  2.405850E-02
  3.615020E-01  1.616240E-01  2.382870E-02
  3.617760E-01  1.300930E-01  2.392850E-02
  3.620500E-01  1.448360E-01  2.384830E-02
  3.623240E-01  1.580730E-01  2.432510E-02
  3.625980E-01  1.799040E-01  2.441580E-02
  3.628720E-01  1.493550E-01  2.351940E-02
  3.631460E-01  1.831270E-01  2.400830E-02
  3.634200E-01  1.716450E-01  2.392370E-02
  3.636940E-01  1.375610E-01  2.377400E-02
  3.639680E-01  1.499610E-01  2.350300E-02
  3.642420E-01  1.445980E-01  2.413080E-02
  3.645160E-01  1.535150E-01  2.384960E-02
  3.647900E-01  1.427280E-01  2.394030E-02
  3.650640E-01  1.445160E-01  2.410950E-02
  3.653380E-01  1.658510E-01  2.372450E-02
  3.656120E-01  1.366920E-01  2.394870E-02
  3.658860E-01  1.253310E-01  2.415580E-02
  3.661600E-01  1.540530E-01  2.371690E-02
  3.664340E-01  1.413460E-01  2.386300E-02
  3.667080E-01  1.415530E-01  2.381020E-02
  3.669820E-01  1.675040E-01  2.410960E-02
  3.672560E-01  1.375430E-01  2.366910E-02
  3.675300E-01  1.450530E-01  2.373310E-02
  3.678040E-01  1.573360E-01  2.408080E-02
  3.680780E-01  1.352530E-01  2.366560E-02
  3.683520E-01  1.482300E-01  2.362070E-02
  3.686260E-01  1.458050E-01  2.368230E-02
  3.689000E-01  1.744730E-01  2.373220E-02
  3.691740E-01  1.496790E-01  2.383340E-02
  3.694480E-01  1.701920E-01  2.363580E-02
  3.697230E-01  1.109540E-01  2.405540E-02
  3.699970E-01  1.415780E-01  2.381080E-02
  3.702710E-01  1.680590E-01  2.363740E-02
  3.705450E-01  1.445010E-01  2.348060E-02
  3.708190E-01  2.006160E-01  2.380760E-02
  3.710930E-01  1.500780E-01  2.401200E-02
  3.713670E-01  1.698430E-01  2.378260E-02
  3.716410E-01  1.130910E-01  2.378850E-02
  3.719150E-01  1.561860E-01  2.383020E-02
  3.721890E-01  1.652310E-01  2.401350E-02
  3.724630E-01  1.527350E-01  2.388490E-02
  3.727370E-01  1.841670E-01  2.409740E-02
  3.730110E-01  1.516030E-01  2.413920E-02
  3.732850E-01  1.348860E-01  2.368620E-02
  3.735590E-01  1.438750E-01  2.385620E-02
  3.738330E-01  1.642020E-01  2.393560E-02
  3.741070E-01  1.292490E-01  2.375390E-02
  3.743810E-01  1.063180E-01  2.401190E-02
  3.746550E-01  1.367450E-01  2.386410E-02
  3.749290E-01  1.168520E-01  2.380870E-02
  3.752030E-01  1.708900E-01  2.396770E-02
  3.754770E-01  1.581660E-01  2.371550E-02
  3.757510E-01  1.283800E-01  2.423490E-02
  3.760250E-01  1.425890E-01  2.362590E-02
  3.762990E-01  1.584970E-01  2.378350E-02
  3.765730E-01  1.337460E-01  2.396500E-02
  3.768470E-01  1.124470E-01  2.363870E-02
  3.771210E-01  1.477780E-01  2.416450E-02
  3.773950E-01  1.258970E-01  2.360900E-02
  3.776690E-01  1.277140E-01  2.357280E-02
  3.779430E-01  1.602310E-01  2.345950E-02
  3.782170E-01  1.504910E-01  2.376550E-02
  3.784910E-01  1.376500E-01  2.359830E-02
  3.787660E-01  1.524720E-01  2.412560E-02
  3.790400E-01  1.272650E-01  2.362890E-02
  3.793140E-01  1.485040E-01  2.385540E-02
  3.795880E-01  1.498650E-01  2.419770E-02
  3.798620E-01  1.121400E-01  2.333230E-02
  3.801360E-01  1.322790E-01  2.359850E-02
  3.804100E-01  1.369090E-01  2.357620E-02
  3.806840E-01  1.705730E-01  2.368480E-02
  3.809580E-01  1.936290E-01  2.410900E-02
  3.812320E-01  1.292810E-01  2.399480E-02
  3.815060E-01  1.438180E-01  2.371170E-02
  3.817800E-01  1.413350E-01  2.400280E-02
  3.820540E-01  1.548040E-01  2.373790E-02
  3.823280E-01  9.624640E-02  2.339420E-02
  3.826020E-01  1.429810E-01  2.398270E-02
  3.828760E-01  1.756300E-01  2.399310E-02
  3.831500E-01  1.496330E-01  2.400410E-02
  3.834240E-01  1.458580E-01  2.398840E-02
  3.836980E-01  1.441560E-01  2.371280E-02
  3.839720E-01  1.352390E-01  2.389710E-02
  3.842460E-01  1.634260E-01  2.328540E-02
  3.845200E-01  1.395440E-01  2.343650E-02
  3.847940E-01  1.416170E-01  2.375390E-02
  3.850680E-01  9.253920E-02  2.361730E-02
  3.853420E-01  1.286650E-01  2.368780E-02
  3.856160E-01  1.500530E-01  2.340410E-02
  3.858900E-01  1.373580E-01  2.351960E-02
  3.861640E-01  1.161040E-01  2.351310E-02
  3.864380E-01  1.413960E-01  2.380550E-02
  3.867120E-01  1.585430E-01  2.335190E-02
  3.869860E-01  1.411320E-01  2.345350E-02
  3.872600E-01  1.294200E-01  2.331800E-02
  3.875350E-01  1.390850E-01  2.368390E-02
  3.878090E-01  1.426100E-01  2.380090E-02
  3.880830E-01  1.269800E-01  2.342260E-02
  3.883570E-01  1.233510E-01  2.389300E-02
  3.886310E-01  1.235790E-01  2.333370E-02
  3.889050E-01  1.531230E-01  2.360830E-02
  3.891790E-01  1.558440E-01  2.374710E-02
  3.894530E-01  1.419120E-01  2.380150E-02
  3.897270E-01  1.086360E-01  2.381430E-02
  3.900010E-01  1.409900E-01  2.360090E-02
  3.902750E-01  1.459120E-01  2.390650E-02
  3.905490E-01  1.608480E-01  2.348880E-02
  3.908230E-01  1.262000E-01  2.361840E-02
  3.910970E-01  1.583080E-01  2.353870E-02
  3.913710E-01  1.909790E-01  2.323290E-02
  3.916450E-01  1.524640E-01  2.378710E-02
  3.919190E-01  1.392450E-01  2.370530E-02
  3.921930E-01  1.695900E-01  2.404600E-02
  3.924670E-01  1.703950E-01  2.339720E-02
  3.927410E-01  1.623580E-01  2.374360E-02
  3.930150E-01  1.863710E-01  2.386520E-02
  3.932890E-01  1.405660E-01  2.332700E-02
  3.935630E-01  1.288390E-01  2.379670E-02
  3.938370E-01  1.446760E-01  2.328530E-02
  3.941110E-01  1.235430E-01  2.324970E-02
  3.943850E-01  1.303950E-01  2.709590E-02
  3.946590E-01  9.263890E-02  2.929940E-02
  3.949330E-01  1.980160E-01  3.036640E-02
  3.952070E-01  1.580020E-01  3.282810E-02
  3.954810E-01  1.478100E-01  3.351760E-02
  3.957550E-01  2.083230E-01  3.557710E-02
  3.960290E-01  1.139890E-01  3.598800E-02
  3.963040E-01  1.804950E-01  3.839750E-02
  3.965780E-01  1.030910E-01  3.828530E-02
  3.968520E-01  1.183010E-01  4.016380E-02
  3.971260E-01  1.673750E-01  3.090850E-02
  3.974000E-01  1.591030E-01  2.820120E-02
  3.976740E-01  1.753530E-01  2.782570E-02
  3.979480E-01  1.543200E-01  2.710450E-02
  3.982220E-01  2.125070E-01  2.727820E-02
  3.984960E-01  1.577670E-01  2.649410E-02
  3.987700E-01  1.201070E-01  2.632090E-02
  3.990440E-01  1.626570E-01  2.641680E-02
  3.993180E-01  1.919270E-01  2.617040E-02
  3.995920E-01  1.168020E-01  2.549370E-02
  3.998660E-01  1.728310E-01  2.595690E-02
  4.001400E-01  1.570260E-01  2.625890E-02
  4.004140E-01  1.804520E-01  2.538370E-02
  4.006880E-01  1.477140E-01  2.533670E-02
  4.009620E-01  1.431520E-01  2.567540E-02
  4.012360E-01  1.783580E-01  2.572250E-02
  4.015100E-01  1.315990E-01  2.524170E-02
  4.017840E-01  1.370620E-01  2.543680E-02
  4.020580E-01  1.696230E-01  2.517860E-02
  4.023320E-01  1.066030E-01  2.533000E-02
  4.026060E-01  1.332760E-01  2.514360E-02
  4.028800E-01  1.533010E-01  2.470840E-02
  4.031540E-01  1.283400E-01  2.455400E-02
  4.034280E-01  1.374390E-01  2.448220E-02
  4.037020E-01  1.500570E-01  2.436790E-02
  4.039760E-01  1.070160E-01  2.424260E-02
  4.042500E-01  1.416270E-01  2.370350E-02
  4.045240E-01  1.357660E-01  2.349470E-02
  4.047980E-01  1.894230E-01  2.390190E-02
  4.050720E-01  1.115460E-01  2.326020E-02
  4.053470E-01  1.276920E-01  2.350440E-02
  4.056210E-01  1.677210E-01  2.378860E-02
  4.058950E-01  1.348470E-01  2.343710E-02
  4.061690E-01  1.427140E-01  2.324800E-02
  4.064430E-01  1.811860E-01  2.394580E-02
  4.067170E-01  1.314140E-01  2.357170E-02
  4.069910E-01  1.322760E-01  2.378800E-02
  4.072650E-01  1.418700E-01  2.355580E-02
  4.075390E-01  1.715990E-01  2.379020E-02
  4.078130E-01  1.602530E-01  2.364150E-02
  4.080870E-01  1.570190E-01  2.373100E-02
  4.083610E-01  1.717200E-01  2.335660E-02
  4.086350E-01  1.763750E-01  2.359300E-02
  4.089090E-01  1.462540E-01  2.348120E-02
  4.091830E-01  1.487500E-01  2.341770E-02
  4.094570E-01  1.490210E-01  2.347290E-02
  4.097310E-01  1.374290E-01  2.334090E-02
  4.100050E-01  1.483900E-01  2.362110E-02
  4.102790E-01  1.244550E-01  2.352590E-02
  4.105530E-01  1.473610E-01  2.366590E-02
  4.108270E-01  1.508260E-01  2.379630E-02
  4.111010E-01  1.682910E-01  2.355780E-02
  4.113750E-01  1.392840E-01  2.374500E-02
  4.116490E-01  1.428130E-01  2.368280E-02
  4.119230E-01  1.395730E-01  2.358970E-02
  4.121970E-01  1.437610E-01  2.357390E-02
  4.124710E-01  1.959400E-01  2.356530E-02
  4.127450E-01  1.459470E-01  2.294510E-02
  4.130190E-01  1.519760E-01  2.341720E-02
  4.132930E-01  1.624720E-01  2.330740E-02
  4.135670E-01  1.618300E-01  2.323400E-02
  4.138410E-01  1.768800E-01  2.334260E-02
  4.141160E-01  1.480840E-01  2.354580E-02
  4.143900E-01  1.352850E-01  2.381080E-02
  4.146640E-01  1.715810E-01  2.364570E-02
  4.149380E-01  1.238530E-01  2.346300E-02
  4.152120E-01  1.565530E-01  2.369280E-02
  4.154860E-01  1.678060E-01  2.364510E-02
  4.157600E-01  1.769590E-01  2.319450E-02
  4.160340E-01  1.654130E-01  2.355670E-02
  4.163080E-01  1.446440E-01  2.333720E-02
  4.165820E-01  1.611860E-01  2.368500E-02
  4.168560E-01  1.501990E-01  2.354340E-02
  4.171300E-01  1.705200E-01  2.371440E-02
  4.174040E-01  1.361500E-01  2.337000E-02
  4.176780E-01  1.336890E-01  2.328040E-02
  4.179520E-01  1.409220E-01  2.363960E-02
  4.182260E-01  1.569870E-01  2.344240E-02
  4.185000E-01  1.159050E-01  2.316800E-02
  4.187740E-01  1.785330E-01  2.323970E-02
  4.190480E-01  1.344840E-01  2.329970E-02
  4.193220E-01  2.137140E-01  2.402530E-02
  4.195960E-01  1.471650E-01  2.331210E-02
  4.198700E-01  1.601100E-01  2.332770E-02
  4.201440E-01  1.456230E-01  2.289400E-02
  4.204180E-01  1.592560E-01  2.331810E-02
  4.206920E-01  1.209290E-01  2.311010E-02
  4.209660E-01  1.547040E-01  2.335940E-02
  4.212400E-01  1.794160E-01  2.416470E-02
  4.215140E-01  1.298150E-01  2.291180E-02
  4.217880E-01  1.394410E-01  2.351760E-02
  4.220620E-01  1.751390E-01  2.324500E-02
  4.223360E-01  1.733010E-01  2.319880E-02
  4.226100E-01  1.201390E-01  2.334420E-02
  4.228840E-01  1.393770E-01  2.348690E-02
  4.231590E-01  2.007830E-01  2.351280E-02
  4.234330E-01  1.734580E-01  2.332840E-02
  4.237070E-01  1.460860E-01  2.313640E-02
  4.239810E-01  1.335010E-01  2.339060E-02
  4.242550E-01  1.349000E-01  2.349420E-02
  4.245290E-01  1.321940E-01  2.336180E-02
  4.248030E-01  1.510290E-01  2.329410E-02
  4.250770E-01  1.214390E-01  2.345970E-02
  4.253510E-01  1.434370E-01  2.313700E-02
  4.256250E-01  1.269980E-01  2.346570E-02
  4.258990E-01  1.617090E-01  2.304020E-02
  4.261730E-01  1.599540E-01  2.350560E-02
  4.264470E-01  1.611110E-01  2.339000E-02
  4.267210E-01  1.563140E-01  2.224510E-02
  4.269950E-01  1.368950E-01  2.315570E-02
  4.272690E-01  1.437860E-01  2.347470E-02
  4.275430E-01  1.528240E-01  2.349970E-02
  4.278170E-01  1.532440E-01  2.276150E-02
  4.280910E-01  1.389640E-01  2.315050E-02
  4.283650E-01  1.679670E-01  2.372350E-02
  4.286390E-01  1.392060E-01  2.333760E-02
  4.289130E-01  1.243520E-01  2.337360E-02
  4.291870E-01  1.680730E-01  2.297970E-02
  4.294610E-01  1.317770E-01  2.339650E-02
  4.297350E-01  1.119160E-01  2.316390E-02
  4.300090E-01  1.471970E-01  2.328770E-02
  4.302830E-01  1.600710E-01  2.313360E-02
  4.305570E-01  1.682260E-01  2.322010E-02
  4.308310E-01  1.672080E-01  2.307610E-02
  4.311050E-01  2.033050E-01  2.343810E-02
  4.313790E-01  1.571720E-01  2.355720E-02
  4.316530E-01  1.419980E-01  2.323290E-02
  4.319280E-01  1.446580E-01  2.346260E-02
  4.322020E-01  1.305980E-01  2.310480E-02
  4.324760E-01  1.277240E-01  2.331350E-02
  4.327500E-01  1.131840E-01  2.324590E-02
  4.330240E-01  1.619620E-01  2.320330E-02
  4.332980E-01  1.715210E-01  2.348440E-02
  4.335720E-01  1.125250E-01  2.343950E-02
  4.338460E-01  1.512540E-01  2.336680E-02
  4.341200E-01  1.362960E-01  2.308360E-02
  4.343940E-01  1.488820E-01  2.317240E-02
  4.346680E-01  1.232870E-01  2.358360E-02
  4.349420E-01  1.118630E-01  2.322200E-02
  4.352160E-01  1.508260E-01  2.300200E-02
  4.354900E-01  1.677850E-01  2.354390E-02
  4.357640E-01  1.385010E-01  2.339100E-02
  4.360380E-01  1.114280E-01  2.274470E-02
  4.363120E-01  1.560260E-01  2.258050E-02
  4.365860E-01  1.548820E-01  2.315910E-02
  4.368600E-01  1.619020E-01  2.275570E-02
  4.371340E-01  1.756020E-01  2.302150E-02
  4.374080E-01  1.691950E-01  2.298270E-02
  4.376820E-01  1.667130E-01  2.325450E-02
  4.379560E-01  1.471830E-01  2.301540E-02
  4.382300E-01  1.470620E-01  2.305410E-02
  4.385040E-01  1.634370E-01  2.290250E-02
  4.387780E-01  1.515670E-01  2.266590E-02
  4.390520E-01  1.565030E-01  2.339710E-02
  4.393260E-01  1.366270E-01  2.290330E-02
  4.396000E-01  1.292980E-01  2.271150E-02
  4.398740E-01  1.624890E-01  2.257620E-02
  4.401480E-01  1.381410E-01  2.308310E-02
  4.404220E-01  1.712180E-01  2.284610E-02
  4.406970E-01  1.501070E-01  2.292190E-02
  4.409710E-01  1.373220E-01  2.305290E-02
  4.412450E-01  1.938070E-01  2.342260E-02
  4.415190E-01  1.336720E-01  2.287130E-02
  4.417930E-01  1.776420E-01  2.304370E-02
  4.420670E-01  1.227810E-01  2.286000E-02
  4.423410E-01  1.208760E-01  2.289910E-02
  4.426150E-01  1.472400E-01  2.284140E-02
  4.428890E-01  1.297650E-01  2.277110E-02
  4.431630E-01  1.521300E-01  2.308920E-02
  4.434370E-01  1.527390E-01  2.302750E-02
  4.437110E-01  1.088640E-01  2.290290E-02
  4.439850E-01  1.339070E-01  2.303230E-02
  4.442590E-01  1.539960E-01  2.334100E-02
  4.445330E-01  1.721470E-01  2.313170E-02
  4.448070E-01  1.172720E-01  2.255400E-02
  4.450810E-01  1.586790E-01  2.322780E-02
  4.453550E-01  1.732690E-01  2.299570E-02
  4.456290E-01  1.570870E-01  2.309760E-02
  4.459030E-01  1.473790E-01  2.298590E-02
  4.461770E-01  1.557190E-01  2.263070E-02
  4.464510E-01  1.475570E-01  2.267720E-02
  4.467250E-01  1.402920E-01  2.262610E-02
  4.469990E-01  1.109900E-01  2.279110E-02
  4.472730E-01  1.477140E-01  2.283990E-02
  4.475470E-01  1.629450E-01  2.289480E-02
  4.478210E-01  1.596760E-01  2.274850E-02
  4.480950E-01  1.431730E-01  2.316430E-02
  4.483690E-01  1.367310E-01  2.259380E-02
  4.486430E-01  1.313140E-01  2.254360E-02
  4.489170E-01  1.327740E-01  2.281600E-02
  4.491910E-01  1.297190E-01  2.295560E-02
  4.494650E-01  1.557620E-01  2.286460E-02
  4.497400E-01  1.733550E-01  2.302970E-02
  4.500140E-01  1.420900E-01  2.284330E-02
  4.502880E-01  1.548010E-01  2.249370E-02
  4.505620E-01  2.027210E-01  2.288600E-02
  4.508360E-01  1.086320E-01  2.316820E-02
  4.511100E-01  1.684860E-01  2.273380E-02
  4.513840E-01  1.419660E-01  2.277850E-02
  4.516580E-01  1.126350E-01  2.312850E-02
  4.519320E-01  1.439990E-01  2.315050E-02
  4.522060E-01  1.636150E-01  2.286140E-02
  4.524800E-01  1.698110E-01  2.276420E-02
  4.527540E-01  1.558300E-01  2.302460E-02
  4.530280E-01  1.886110E-01  2.266110E-02
  4.533020E-01  1.566880E-01  2.317600E-02
  4.535760E-01  1.567130E-01  2.309110E-02
  4.538500E-01  1.568910E-01  2.301920E-02
  4.541240E-01  1.087360E-01  2.286300E-02
  4.543980E-01  1.603950E-01  2.283650E-02
  4.546720E-01  1.347470E-01  2.287410E-02
  4.549460E-01  1.390990E-01  2.262940E-02
  4.552200E-01  1.821760E-01  2.333990E-02
  4.554940E-01  1.547260E-01  2.253050E-02
  4.557680E-01  1.483230E-01  2.322380E-02
  4.560420E-01  1.519520E-01  2.256950E-02
  4.563160E-01  1.636150E-01  2.274830E-02
  4.565900E-01  1.224390E-01  2.265150E-02
  4.568640E-01  1.514000E-01  2.259230E-02
  4.571380E-01  1.607550E-01  2.350320E-02
  4.574120E-01  1.770480E-01  2.301090E-02
  4.576860E-01  1.588110E-01  2.286680E-02
  4.579600E-01  1.543550E-01  2.345840E-02
  4.582340E-01  1.455520E-01  2.311200E-02
  4.585090E-01  1.173040E-01  2.287860E-02
  4.587830E-01  1.540100E-01  2.332350E-02
  4.590570E-01  1.589920E-01  2.347290E-02
  4.593310E-01  1.488210E-01  2.351090E-02
  4.596050E-01  1.801600E-01  2.353060E-02
  4.598790E-01  1.638780E-01  2.339000E-02
  4.601530E-01  1.123790E-01  2.373500E-02
  4.604270E-01  1.548180E-01  2.331350E-02
  4.607010E-01  1.919690E-01  2.343400E-02
  4.609750E-01  1.428770E-01  2.349680E-02
  4.612490E-01  1.575430E-01  2.337300E-02
  4.615230E-01  1.128240E-01  2.284180E-02
  4.617970E-01  1.429560E-01  2.270220E-02
  4.620710E-01  1.605770E-01  2.283950E-02
  4.623450E-01  1.394840E-01  2.273100E-02
  4.626190E-01  1.745300E-01  2.311230E-02
  4.628930E-01  1.738140E-01  2.278670E-02
  4.631670E-01  1.339210E-01  2.242030E-02
  4.634410E-01  1.318980E-01  2.275060E-02
  4.637150E-01  1.490740E-01  2.235090E-02
  4.639890E-01  1.475610E-01  2.249230E-02
  4.642630E-01  1.556980E-01  2.229460E-02
  4.645370E-01  1.517950E-01  2.256420E-02
  4.648110E-01  1.729990E-01  2.232390E-02
  4.650850E-01  1.694200E-01  2.255990E-02
  4.653590E-01  1.692880E-01  2.274650E-02
  4.656330E-01  1.560580E-01  2.253540E-02
  4.659070E-01  1.523110E-01  2.261050E-02
  4.661810E-01  1.385400E-01  2.278900E-02
  4.664550E-01  1.423080E-01  2.269080E-02
  4.667290E-01  1.417170E-01  2.270130E-02
  4.670030E-01  1.498750E-01  2.267490E-02
  4.672780E-01  1.316990E-01  2.287610E-02
  4.675520E-01  1.897120E-01  2.310670E-02
  4.678260E-01  1.854420E-01  2.295530E-02
  4.681000E-01  1.324640E-01  2.262600E-02
  4.683740E-01  1.617170E-01  2.296940E-02
  4.686480E-01  1.629100E-01  2.279610E-02
  4.689220E-01  1.436080E-01  2.270700E-02
  4.691960E-01  1.326990E-01  2.256380E-02
  4.694700E-01  1.513750E-01  2.244260E-02
  4.697440E-01  1.395410E-01  2.261120E-02
  4.700180E-01  1.475820E-01  2.285720E-02
  4.702920E-01  1.634440E-01  2.286260E-02
  4.705660E-01  1.364570E-01  2.301080E-02
  4.708400E-01  1.800280E-01  2.292480E-02
  4.711140E-01  1.554840E-01  2.275590E-02
  4.713880E-01  1.199960E-01  2.266160E-02
  4.716620E-01  1.421970E-01  2.283210E-02
  4.719360E-01  1.138820E-01  2.250490E-02
  4.722100E-01  1.618480E-01  2.265210E-02
  4.724840E-01  1.810110E-01  2.312790E-02
  4.727580E-01  1.603420E-01  2.290410E-02
  4.730320E-01  1.756020E-01  2.255220E-02
  4.733060E-01  1.753380E-01  2.288690E-02
  4.735800E-01  1.312140E-01  2.250090E-02
  4.738540E-01  1.568450E-01  2.292600E-02
  4.741280E-01  1.279450E-01  2.241900E-02
  4.744020E-01  1.503130E-01  2.261300E-02
  4.746760E-01  1.649320E-01  2.286170E-02
  4.749500E-01  1.443340E-01  2.293240E-02
  4.752240E-01  1.363390E-01  2.282110E-02
  4.754980E-01  1.760190E-01  2.273340E-02
  4.757720E-01  1.560330E-01  2.267790E-02
  4.760460E-01  1.403170E-01  2.301460E-02
  4.763210E-01  1.564490E-01  2.319120E-02
  4.765950E-01  1.533010E-01  2.269630E-02
  4.768690E-01  1.695900E-01  2.300520E-02
  4.771430E-01  1.249250E-01  2.277530E-02
  4.774170E-01  1.758970E-01  2.282690E-02
  4.776910E-01  1.759190E-01  2.255800E-02
  4.779650E-01  1.358650E-01  2.248970E-02
  4.782390E-01  1.612320E-01  2.220490E-02
  4.785130E-01  1.353240E-01  2.286540E-02
  4.787870E-01  1.656870E-01  2.247910E-02
  4.790610E-01  2.023610E-01  2.271590E-02
  4.793350E-01  1.413750E-01  2.250960E-02
  4.796090E-01  1.546230E-01  2.243860E-02
  4.798830E-01  1.477670E-01  2.269040E-02
  4.801570E-01  1.501100E-01  2.247950E-02
  4.804310E-01  1.619840E-01  2.269150E-02
  4.807050E-01  1.542630E-01  2.245620E-02
  4.809790E-01  1.869160E-01  2.271380E-02
  4.812530E-01  1.756870E-01  2.292110E-02
  4.815270E-01  1.852740E-01  2.273400E-02
  4.818010E-01  1.393800E-01  2.285240E-02
  4.820750E-01  1.675210E-01  2.269740E-02
  4.823490E-01  1.572580E-01  2.253600E-02
  4.826230E-01  1.665560E-01  2.280240E-02
  4.828970E-01  1.858370E-01  2.311160E-02
  4.831710E-01  1.570370E-01  2.292970E-02
  4.834450E-01  1.461150E-01  2.314270E-02
  4.837190E-01  1.412040E-01  2.265720E-02
  4.839930E-01  1.629950E-01  2.271680E-02
  4.842670E-01  1.444300E-01  2.259410E-02
  4.845410E-01  2.013640E-01  2.314140E-02
  4.848150E-01  1.403880E-01  2.262760E-02
  4.850900E-01  1.382260E-01  2.249030E-02
  4.853640E-01  1.356130E-01  2.266300E-02
  4.856380E-01  1.331020E-01  2.242570E-02
  4.859120E-01  1.233620E-01  2.251010E-02
  4.861860E-01  1.478280E-01  2.247160E-02
  4.864600E-01  1.857760E-01  2.278520E-02
  4.867340E-01  1.629420E-01  2.292870E-02
  4.870080E-01  1.686360E-01  2.261060E-02
  4.872820E-01  1.449150E-01  2.265530E-02
  4.875560E-01  1.390920E-01  2.249480E-02
  4.878300E-01  1.698900E-01  2.261410E-02
  4.881040E-01  1.399790E-01  2.258470E-02
  4.883780E-01  1.436470E-01  2.274090E-02
  4.886520E-01  1.740530E-01  2.309340E-02
  4.889260E-01  1.206840E-01  2.226670E-02
  4.892000E-01  1.462220E-01  2.260070E-02
  4.894740E-01  1.644050E-01  2.300570E-02
  4.897480E-01  1.631200E-01  2.247860E-02
  4.900220E-01  1.705630E-01  2.261470E-02
  4.902960E-01  1.977390E-01  2.264170E-02
  4.905700E-01  1.722690E-01  2.282080E-02
  4.908440E-01  1.767380E-01  2.243280E-02
  4.911180E-01  2.028740E-01  2.298710E-02
  4.913920E-01  1.435330E-01  2.271440E-02
  4.916660E-01  1.469200E-01  2.249330E-02
  4.919400E-01  1.950430E-01  2.289920E-02
  4.922140E-01  1.292880E-01  2.263720E-02
  4.924880E-01  1.734010E-01  2.298600E-02
  4.927620E-01  1.651920E-01  2.280530E-02
  4.930360E-01  1.421440E-01  2.239550E-02
  4.933100E-01  1.775850E-01  2.290330E-02
  4.935840E-01  1.976000E-01  2.292920E-02
  4.938580E-01  1.451070E-01  2.260900E-02
  4.941330E-01  1.853880E-01  2.278340E-02
  4.944070E-01  1.558330E-01  2.219500E-02
  4.946810E-01  1.423250E-01  2.262180E-02
  4.949550E-01  1.880380E-01  2.230210E-02
  4.952290E-01  1.496190E-01  2.272460E-02
  4.955030E-01  1.359720E-01  2.252510E-02
  4.957770E-01  1.680700E-01  2.283830E-02
  4.960510E-01  1.202310E-01  2.248910E-02
  4.963250E-01  1.374040E-01  2.243750E-02
  4.965990E-01  1.669440E-01  2.255670E-02
  4.968730E-01  1.434860E-01  2.221920E-02
  4.971470E-01  1.369340E-01  2.248810E-02
  4.974210E-01  1.812610E-01  2.242990E-02
  4.976950E-01  1.755270E-01  2.295110E-02
  4.979690E-01  1.205910E-01  2.250980E-02
  4.982430E-01  1.549040E-01  2.292580E-02
  4.985170E-01  1.377210E-01  2.269570E-02
  4.987910E-01  1.547190E-01  2.239750E-02
  4.990650E-01  1.397860E-01  2.246430E-02
  4.993390E-01  1.389960E-01  2.278370E-02
  4.996130E-01  1.352490E-01  2.245620E-02
  4.998870E-01  1.508300E-01  2.250680E-02
  5.001610E-01  1.738320E-01  2.262040E-02
  5.004350E-01  1.439350E-01  2.221300E-02
  5.007090E-01  1.635830E-01  2.226850E-02
  5.009830E-01  1.647440E-01  2.268630E-02
  5.012570E-01  1.573290E-01  2.251640E-02
  5.015310E-01  1.816310E-01  2.246970E-02
  5.018050E-01  1.509580E-01  2.232990E-02
  5.020790E-01  1.814250E-01  2.276850E-02
  5.023530E-01  1.564920E-01  2.273140E-02
  5.026270E-01  1.619760E-01  2.279650E-02
  5.029020E-01  1.533620E-01  2.223760E-02
  5.031760E-01  1.468630E-01  2.240250E-02
  5.034500E-01  1.475780E-01  2.220450E-02
  5.037240E-01  1.437430E-01  2.235740E-02
  5.039980E-01  1.469160E-01  2.268580E-02
  5.042720E-01  1.804880E-01  2.185700E-02
  5.045460E-01  1.695300E-01  2.239370E-02
  5.048200E-01  1.836720E-01  2.246930E-02
  5.050940E-01  1.591810E-01  2.249920E-02
  5.053680E-01  1.541170E-01  2.263510E-02
  5.056420E-01  1.791420E-01  2.241810E-02
  5.059160E-01  1.358300E-01  2.274850E-02
  5.061900E-01  1.693200E-01  2.243540E-02
  5.064640E-01  1.681980E-01  2.253370E-02
  5.067380E-01  1.472760E-01  2.253890E-02
  5.070120E-01  1.906300E-01  2.282880E-02
  5.072860E-01  1.943300E-01  2.279440E-02
  5.075600E-01  1.631230E-01  2.240060E-02
  5.078340E-01  1.734190E-01  2.275580E-02
  5.081080E-01  1.622510E-01  2.239810E-02
  5.083820E-01  1.654590E-01  2.267350E-02
  5.086560E-01  1.420940E-01  2.241710E-02
  5.089300E-01  1.487570E-01  2.258750E-02
  5.092040E-01  1.646010E-01  2.247590E-02
  5.094780E-01  2.077350E-01  2.275130E-02
  5.097520E-01  1.374250E-01  2.224770E-02
  5.100260E-01  1.575500E-01  2.245130E-02
  5.103000E-01  1.618480E-01  2.279490E-02
  5.105740E-01  1.572150E-01  2.271040E-02
  5.108480E-01  1.455340E-01  2.239570E-02
  5.111220E-01  1.548250E-01  2.274370E-02
  5.113960E-01  1.544270E-01  2.272270E-02
  5.116710E-01  1.327530E-01  2.243580E-02
  5.119450E-01  1.653670E-01  2.251060E-02
  5.122190E-01  1.495300E-01  2.257930E-02
  5.124930E-01  1.834080E-01  2.275570E-02
  5.127670E-01  1.735360E-01  2.223890E-02
  5.130410E-01  2.198820E-01  2.267570E-02
  5.133150E-01  1.809470E-01  2.261980E-02
  5.135890E-01  1.638780E-01  2.249190E-02
  5.138630E-01  1.736250E-01  2.246150E-02
  5.141370E-01  1.326990E-01  2.262320E-02
  5.144110E-01  1.594270E-01  2.275130E-02
  5.146850E-01  1.619840E-01  2.275870E-02
  5.149590E-01  1.616520E-01  2.242120E-02
  5.152330E-01  1.173820E-01  2.227890E-02
  5.155070E-01  1.792240E-01  2.263170E-02
  5.157810E-01  1.823820E-01  2.259660E-02
  5.160550E-01  1.965240E-01  2.242990E-02
  5.163290E-01  1.345830E-01  2.254480E-02
  5.166030E-01  1.851920E-01  2.242860E-02
  5.168770E-01  1.616670E-01  2.265800E-02
  5.171510E-01  1.313640E-01  2.193670E-02
  5.174250E-01  1.733800E-01  2.258290E-02
  5.176990E-01  1.899640E-01  2.255180E-02
  5.179730E-01  1.886680E-01  2.282110E-02
  5.182470E-01  1.529520E-01  2.246040E-02
  5.185210E-01  1.822190E-01  2.257510E-02
  5.187950E-01  1.871190E-01  2.268290E-02
  5.190690E-01  1.633370E-01  2.288090E-02
  5.193430E-01  1.528700E-01  2.267160E-02
  5.196170E-01  1.557590E-01  2.259550E-02
  5.198910E-01  1.699500E-01  2.250100E-02
  5.201650E-01  1.666840E-01  2.270420E-02
  5.204390E-01  1.628600E-01  2.261810E-02
  5.207140E-01  1.814350E-01  2.243740E-02
  5.209880E-01  1.318020E-01  2.235430E-02
  5.212620E-01  1.698580E-01  2.206020E-02
  5.215360E-01  1.988210E-01  2.285240E-02
  5.218100E-01  1.516600E-01  2.224770E-02
  5.220840E-01  1.655910E-01  2.262350E-02
  5.223580E-01  1.611610E-01  2.238470E-02
  5.226320E-01  2.075320E-01  2.280910E-02
  5.229060E-01  1.585010E-01  2.265560E-02
  5.231800E-01  1.778130E-01  2.217820E-02
  5.234540E-01  1.483620E-01  2.232000E-02
  5.237280E-01  1.748470E-01  2.307560E-02
  5.240020E-01  1.676710E-01  2.248700E-02
  5.242760E-01  2.100250E-01  2.269610E-02
  5.245500E-01  1.956700E-01  2.258040E-02
  5.248240E-01  1.778380E-01  2.248230E-02
  5.250980E-01  1.519050E-01  2.232850E-02
  5.253720E-01  1.830240E-01  2.236860E-02
  5.256460E-01  1.491350E-01  2.268750E-02
  5.259200E-01  2.054700E-01  2.248940E-02
  5.261940E-01  1.447830E-01  2.264520E-02
  5.264680E-01  1.824750E-01  2.277780E-02
  5.267420E-01  1.838920E-01  2.262280E-02
  5.270160E-01  1.068340E-01  2.229450E-02
  5.272900E-01  1.740600E-01  2.244930E-02
  5.275640E-01  1.503880E-01  2.278290E-02
  5.278380E-01  1.824610E-01  2.263810E-02
  5.281120E-01  1.789350E-01  2.272470E-02
  5.283860E-01  1.767410E-01  2.263760E-02
  5.286600E-01  1.672690E-01  2.296900E-02
  5.289340E-01  1.373290E-01  2.256330E-02
  5.292080E-01  1.994120E-01  2.265440E-02
  5.294830E-01  1.749000E-01  2.286380E-02
  5.297570E-01  1.855380E-01  2.659050E-02
  5.300310E-01  1.571150E-01  2.882820E-02
  5.303050E-01  1.576600E-01  3.127190E-02
  5.305790E-01  2.054100E-01  3.288550E-02
  5.308530E-01  2.484790E-01  3.418910E-02
  5.311270E-01  1.626890E-01  3.449640E-02
  5.314010E-01  1.712680E-01  3.672390E-02
  5.316750E-01  1.886570E-01  3.907520E-02
  5.319490E-01  2.446230E-01  4.024800E-02
  5.322230E-01  1.913110E-01  2.867670E-02
  5.324970E-01  1.715950E-01  2.719440E-02
  5.327710E-01  1.986820E-01  2.653780E-02
  5.330450E-01  1.570800E-01  2.548890E-02
  5.333190E-01  1.546190E-01  2.535780E-02
  5.335930E-01  1.456660E-01  2.485570E-02
  5.338670E-01  1.958870E-01  2.536750E-02
  5.341410E-01  1.421470E-01  2.495480E-02
  5.344150E-01  2.041700E-01  2.463870E-02
  5.346890E-01  1.893160E-01  2.528450E-02
  5.349630E-01  1.567490E-01  2.410340E-02
  5.352370E-01  1.858160E-01  2.489210E-02
  5.355110E-01  1.416420E-01  2.463010E-02
  5.357850E-01  1.726100E-01  2.421630E-02
  5.360590E-01  1.569590E-01  2.417720E-02
  5.363330E-01  1.712070E-01  2.353850E-02
  5.366070E-01  1.672690E-01  2.325080E-02
  5.368810E-01  1.592060E-01  2.275640E-02
  5.371550E-01  1.692200E-01  2.250920E-02
  5.374290E-01  1.950500E-01  2.247980E-02
  5.377030E-01  1.692740E-01  2.241100E-02
  5.379770E-01  1.778920E-01  2.236340E-02
  5.382520E-01  1.736930E-01  2.242190E-02
  5.385260E-01  2.316560E-01  2.261100E-02
  5.388000E-01  1.417520E-01  2.286510E-02
  5.390740E-01  1.679700E-01  2.211110E-02
  5.393480E-01  1.647860E-01  2.255640E-02
  5.396220E-01  1.362360E-01  2.244800E-02
  5.398960E-01  1.664530E-01  2.272810E-02
  5.401700E-01  1.849430E-01  2.238660E-02
  5.404440E-01  1.762360E-01  2.217560E-02
  5.407180E-01  1.626750E-01  2.236910E-02
  5.409920E-01  1.596720E-01  2.227520E-02
  5.412660E-01  1.816520E-01  2.241470E-02
  5.415400E-01  1.544620E-01  2.262780E-02
  5.418140E-01  1.972330E-01  2.254150E-02
  5.420880E-01  1.605590E-01  2.224940E-02
  5.423620E-01  2.023680E-01  2.258590E-02
  5.426360E-01  1.565350E-01  2.242570E-02
  5.429100E-01  1.836890E-01  2.253420E-02
  5.431840E-01  1.477030E-01  2.215340E-02
  5.434580E-01  1.535010E-01  2.250920E-02
  5.437320E-01  1.741990E-01  2.259270E-02
  5.440060E-01  1.784400E-01  2.214280E-02
  5.442800E-01  1.756910E-01  2.250360E-02
  5.445540E-01  1.350110E-01  2.205760E-02
  5.448280E-01  1.706370E-01  2.226000E-02
  5.451020E-01  1.355450E-01  2.213300E-02
  5.453760E-01  1.876570E-01  2.214120E-02
  5.456500E-01  1.734760E-01  2.233190E-02
  5.459240E-01  1.889670E-01  2.245780E-02
  5.461980E-01  1.907120E-01  2.284980E-02
  5.464720E-01  1.724360E-01  2.257920E-02
  5.467460E-01  1.708550E-01  2.188410E-02
  5.470200E-01  1.579100E-01  2.240830E-02
  5.472950E-01  1.738210E-01  2.199180E-02
  5.475690E-01  1.554310E-01  2.246560E-02
  5.478430E-01  1.923790E-01  2.221250E-02
  5.481170E-01  1.777960E-01  2.198540E-02
  5.483910E-01  1.747830E-01  2.220780E-02
  5.486650E-01  1.523180E-01  2.203410E-02
  5.489390E-01  1.773580E-01  2.182970E-02
  5.492130E-01  1.536320E-01  2.214100E-02
  5.494870E-01  1.706870E-01  2.241070E-02
  5.497610E-01  1.579170E-01  2.217720E-02
  5.500350E-01  1.720090E-01  2.231590E-02
  5.503090E-01  1.507760E-01  2.221200E-02
  5.505830E-01  1.794230E-01  2.256200E-02
  5.508570E-01  1.598610E-01  2.236590E-02
  5.511310E-01  1.726780E-01  2.230960E-02
  5.514050E-01  1.958620E-01  2.232880E-02
  5.516790E-01  1.474610E-01  2.195780E-02
  5.519530E-01  1.615880E-01  2.219650E-02
  5.522270E-01  1.659580E-01  2.238180E-02
  5.525010E-01  2.143770E-01  2.247010E-02
  5.527750E-01  1.764570E-01  2.225850E-02
  5.530490E-01  1.630560E-01  2.202560E-02
  5.533230E-01  1.929700E-01  2.220000E-02
  5.535970E-01  1.669230E-01  2.269500E-02
  5.538710E-01  1.538180E-01  2.652970E-02
  5.541450E-01  1.834010E-01  2.956840E-02
  5.544190E-01  1.369200E-01  3.104020E-02
  5.546930E-01  1.403600E-01  2.466270E-02
  5.549670E-01  1.851000E-01  2.427770E-02
  5.552410E-01  1.665380E-01  2.294600E-02
  5.555150E-01  1.363680E-01  2.293530E-02
  5.557890E-01  1.578420E-01  2.305700E-02
  5.560640E-01  1.831130E-01  2.323570E-02
  5.563380E-01  1.804450E-01  2.325700E-02
  5.566120E-01  1.504490E-01  2.264630E-02
  5.568860E-01  1.933870E-01  2.259890E-02
  5.571600E-01  1.729130E-01  2.288620E-02
  5.574340E-01  1.790780E-01  2.337280E-02
  5.577080E-01  1.637820E-01  2.255730E-02
  5.579820E-01  1.550530E-01  2.284260E-02
  5.582560E-01  2.077390E-01  2.267840E-02
  5.585300E-01  1.755910E-01  2.286200E-02
  5.588040E-01  1.953060E-01  2.258960E-02
  5.590780E-01  1.636610E-01  2.243800E-02
  5.593520E-01  1.735510E-01  2.302390E-02
  5.596260E-01  1.901820E-01  2.262660E-02
  5.599000E-01  1.802460E-01  2.223860E-02
  5.601740E-01  1.578030E-01  2.182510E-02
  5.604480E-01  1.754560E-01  2.244730E-02
  5.607220E-01  1.718550E-01  2.205330E-02
  5.609960E-01  1.378130E-01  2.220070E-02
  5.612700E-01  1.622400E-01  2.230100E-02
  5.615440E-01  1.882730E-01  2.250500E-02
  5.618180E-01  1.954130E-01  2.241530E-02
  5.620920E-01  1.594370E-01  2.219810E-02
  5.623660E-01  1.876390E-01  2.236660E-02
  5.626400E-01  1.403170E-01  2.215590E-02
  5.629140E-01  1.905020E-01  2.253930E-02
  5.631880E-01  1.696970E-01  2.228490E-02
  5.634620E-01  1.801570E-01  2.234560E-02
  5.637360E-01  1.818130E-01  2.197910E-02
  5.640100E-01  1.969660E-01  2.176320E-02
  5.642840E-01  1.837750E-01  2.249200E-02
  5.645580E-01  1.938320E-01  2.236560E-02
  5.648330E-01  1.611610E-01  2.197670E-02
  5.651070E-01  1.882190E-01  2.214010E-02
  5.653810E-01  1.970480E-01  2.234750E-02
  5.656550E-01  2.017340E-01  2.207250E-02
  5.659290E-01  1.879490E-01  2.213650E-02
  5.662030E-01  1.660010E-01  2.200630E-02
  5.664770E-01  1.712390E-01  2.198420E-02
  5.667510E-01  1.962000E-01  2.218250E-02
  5.670250E-01  2.039280E-01  2.233260E-02
  5.672990E-01  1.807190E-01  2.200850E-02
  5.675730E-01  2.071760E-01  2.208900E-02
  5.678470E-01  1.740140E-01  2.180360E-02
  5.681210E-01  1.697260E-01  2.220130E-02
  5.683950E-01  1.487860E-01  2.213030E-02
  5.686690E-01  1.598610E-01  2.193870E-02
  5.689430E-01  1.527140E-01  2.170380E-02
  5.692170E-01  1.584510E-01  2.200680E-02
  5.694910E-01  1.593700E-01  2.225960E-02
  5.697650E-01  1.713780E-01  2.189850E-02
  5.700390E-01  1.901280E-01  2.240030E-02
  5.703130E-01  1.500500E-01  2.208430E-02
  5.705870E-01  1.739210E-01  2.207000E-02
  5.708610E-01  1.520260E-01  2.200660E-02
  5.711350E-01  1.912890E-01  2.245360E-02
  5.714090E-01  1.649500E-01  2.213080E-02
  5.716830E-01  1.586650E-01  2.197300E-02
  5.719570E-01  1.520830E-01  2.182240E-02
  5.722310E-01  1.563850E-01  2.183610E-02
  5.725050E-01  1.825680E-01  2.218820E-02
  5.727790E-01  1.705090E-01  2.183520E-02
  5.730530E-01  1.897610E-01  2.258940E-02
  5.733270E-01  1.733300E-01  2.203120E-02
  5.736010E-01  1.452460E-01  2.194590E-02
  5.738760E-01  1.594370E-01  2.191000E-02
  5.741500E-01  1.762360E-01  2.223840E-02
  5.744240E-01  1.695620E-01  2.246660E-02
  5.746980E-01  1.393550E-01  2.197960E-02
  5.749720E-01  1.982230E-01  2.222340E-02
  5.752460E-01  1.572790E-01  2.171960E-02
  5.755200E-01  1.916770E-01  2.207480E-02
  5.757940E-01  1.835830E-01  2.189970E-02
  5.760680E-01  1.741490E-01  2.202660E-02
  5.763420E-01  1.434760E-01  2.228660E-02
  5.766160E-01  1.783260E-01  2.237010E-02
  5.768900E-01  1.676600E-01  2.193600E-02
  5.771640E-01  1.706340E-01  2.176660E-02
  5.774380E-01  1.792090E-01  2.236420E-02
  5.777120E-01  1.917630E-01  2.198400E-02
  5.779860E-01  1.521370E-01  2.188980E-02
  5.782600E-01  1.902960E-01  2.199080E-02
  5.785340E-01  1.319620E-01  2.190940E-02
  5.788080E-01  1.581520E-01  2.201370E-02
  5.790820E-01  1.690600E-01  2.175910E-02
  5.793560E-01  2.103210E-01  2.218880E-02
  5.796300E-01  1.766200E-01  2.214180E-02
  5.799040E-01  1.371940E-01  2.207940E-02
  5.801780E-01  1.944200E-01  2.199360E-02
  5.804520E-01  2.307800E-01  2.251640E-02
  5.807260E-01  1.524860E-01  2.212860E-02
  5.810000E-01  1.074890E-01  2.195990E-02
  5.812740E-01  1.618090E-01  2.217610E-02
  5.815480E-01  2.046010E-01  2.203780E-02
  5.818220E-01  1.536110E-01  2.208980E-02
  5.820960E-01  1.663320E-01  2.205210E-02
  5.823700E-01  1.766770E-01  2.242900E-02
  5.826450E-01  1.627850E-01  2.174780E-02
  5.829190E-01  1.845370E-01  2.196400E-02
  5.831930E-01  1.860970E-01  2.211770E-02
  5.834670E-01  1.454950E-01  2.185940E-02
  5.837410E-01  1.697010E-01  2.191980E-02
  5.840150E-01  1.226180E-01  2.183840E-02
  5.842890E-01  1.878450E-01  2.222670E-02
  5.845630E-01  1.889420E-01  2.207130E-02
  5.848370E-01  1.417090E-01  2.231440E-02
  5.851110E-01  2.110580E-01  2.235380E-02
  5.853850E-01  1.616030E-01  2.241720E-02
  5.856590E-01  1.603950E-01  2.232370E-02
  5.859330E-01  1.789170E-01  2.223550E-02
  5.862070E-01  1.609260E-01  2.197810E-02
  5.864810E-01  1.904880E-01  2.237250E-02
  5.867550E-01  2.105270E-01  2.239230E-02
  5.870290E-01  1.726750E-01  2.190610E-02
  5.873030E-01  1.692740E-01  2.198480E-02
  5.875770E-01  1.975280E-01  2.194010E-02
  5.878510E-01  1.985680E-01  2.207970E-02
  5.881250E-01  1.520870E-01  2.211650E-02
  5.883990E-01  1.405160E-01  2.215420E-02
  5.886730E-01  1.705700E-01  2.177570E-02
  5.889470E-01  1.323250E-01  2.190810E-02
  5.892210E-01  1.933970E-01  2.184730E-02
  5.894950E-01  1.416420E-01  2.190030E-02
  5.897690E-01  2.151390E-01  2.209680E-02
  5.900430E-01  1.617630E-01  2.217290E-02
  5.903170E-01  1.566450E-01  2.219220E-02
  5.905910E-01  1.783160E-01  2.210970E-02
  5.908650E-01  1.738570E-01  2.186490E-02
  5.911390E-01  1.494200E-01  2.181380E-02
  5.914130E-01  1.585260E-01  2.194830E-02
  5.916880E-01  1.930950E-01  2.210950E-02
  5.919620E-01  1.230060E-01  2.231360E-02
  5.922360E-01  1.617410E-01  2.216770E-02
  5.925100E-01  1.656550E-01  2.204290E-02
  5.927840E-01  1.718800E-01  2.212090E-02
  5.930580E-01  1.575610E-01  2.286310E-02
  5.933320E-01  1.504520E-01  2.184280E-02
  5.936060E-01  1.688350E-01  2.185330E-02
  5.938800E-01  1.492880E-01  2.230920E-02
  5.941540E-01  2.218230E-01  2.228210E-02
  5.944280E-01  1.790490E-01  2.184090E-02
  5.947020E-01  1.694440E-01  2.199960E-02
  5.949760E-01  1.950780E-01  2.201700E-02
  5.952500E-01  1.962250E-01  2.168670E-02
  5.955240E-01  1.949000E-01  2.196160E-02
  5.957980E-01  1.560150E-01  2.215090E-02
  5.960720E-01  1.634900E-01  2.224940E-02
  5.963460E-01  1.394730E-01  2.217730E-02
  5.966200E-01  1.898110E-01  2.188500E-02
  5.968940E-01  1.542240E-01  2.212430E-02
  5.971680E-01  1.736820E-01  2.209600E-02
  5.974420E-01  1.759940E-01  2.206130E-02
  5.977160E-01  1.701600E-01  2.240750E-02
  5.979900E-01  1.964960E-01  2.217300E-02
  5.982640E-01  1.353700E-01  2.687550E-02
  5.985380E-01  2.059050E-01  2.906900E-02
  5.988120E-01  1.621440E-01  3.069360E-02
  5.990860E-01  1.444370E-01  3.236900E-02
  5.993600E-01  2.490630E-01  3.485640E-02
  5.996340E-01  1.809690E-01  3.587030E-02
  5.999080E-01  1.593060E-01  3.954450E-02
  6.001820E-01  1.377390E-01  4.216470E-02
  6.004570E-01  1.971190E-01  4.281800E-02
  6.007310E-01  1.756050E-01  4.456560E-02
  6.010050E-01  2.404380E-01  4.898870E-02
  6.012790E-01  2.463280E-01  5.016270E-02
  6.015530E-01  2.233550E-01  5.564880E-02
  6.018270E-01  1.610330E-01  5.697620E-02
  6.021010E-01  1.846050E-01  6.483830E-02
  6.023750E-01  2.059190E-01  8.000250E-02
  6.026490E-01  3.085220E-01  9.166860E-02
  6.029230E-01  7.959400E-02  1.102440E-01
  6.031970E-01  8.605060E-02  2.149400E-01
