# SAXS profile: number of points = 501, q_min = 0, q_max = 0.5, delta_q = 0.001
#    q    intensity    error
0.00000000 4793000.50000000 1006.53009033
0.00100000 4792475.50000000 1581.51696777
0.00200000 4790864.50000000 2371.47802734
0.00300000 4788209.00000000 3447.51049805
0.00400000 4784503.50000000 4306.05322266
0.00500000 4779731.00000000 5162.10986328
0.00600000 4773917.00000000 5012.61279297
0.00700000 4767070.50000000 5720.48486328
0.00800000 4759171.50000000 7709.85839844
0.00900000 4750219.50000000 9262.92871094
0.01000000 4740236.00000000 9385.66796875
0.01100000 4729201.00000000 9363.81835938
0.01200000 4717166.00000000 13797.71093750
0.01300000 4704119.50000000 14817.97656250
0.01400000 4690110.50000000 13718.57324219
0.01500000 4675075.50000000 15708.25390625
0.01600000 4659080.00000000 13068.71972656
0.01700000 4642076.50000000 13786.96777344
0.01800000 4624159.00000000 15814.62500000
0.01900000 4605272.00000000 13815.81640625
0.02000000 4585464.50000000 25999.58593750
0.02100000 4564705.00000000 21088.93945312
0.02200000 4543053.00000000 15673.53417969
0.02300000 4520505.50000000 21155.96679688
0.02400000 4497069.00000000 21923.21093750
0.02500000 4472775.50000000 24421.35546875
0.02600000 4447619.00000000 25218.00000000
0.02700000 4421642.50000000 24142.16796875
0.02800000 4394846.50000000 21029.34179688
0.02900000 4367253.00000000 23583.16796875
0.03000000 4338872.00000000 22193.33203125
0.03100000 4309756.00000000 28961.56250000
0.03200000 4279852.00000000 23303.79492188
0.03300000 4249247.00000000 23838.27539062
0.03400000 4217944.00000000 22144.20703125
0.03500000 4185968.25000000 22604.22851562
0.03600000 4153308.25000000 25355.94921875
0.03700000 4119991.25000000 25832.34570312
0.03800000 4086060.50000000 28684.14648438
0.03900000 4051516.50000000 29170.91992188
0.04000000 4016384.25000000 39521.22265625
0.04100000 3980701.75000000 30094.10546875
0.04200000 3944459.25000000 25441.76367188
0.04300000 3907704.25000000 25790.84960938
0.04400000 3870440.00000000 31350.56640625
0.04500000 3832707.50000000 34379.38671875
0.04600000 3794513.00000000 40126.97656250
0.04700000 3755904.25000000 35155.26562500
0.04800000 3716861.00000000 32782.71484375
0.04900000 3677446.50000000 27580.84960938
0.05000000 3637644.00000000 41741.96484375
0.05100000 3597501.75000000 50508.92578125
0.05200000 3557044.25000000 28278.50195312
0.05300000 3516278.25000000 28481.85546875
0.05400000 3475235.50000000 31537.76367188
0.05500000 3433930.75000000 40383.02734375
0.05600000 3392377.25000000 31905.30859375
0.05700000 3350634.00000000 34980.62109375
0.05800000 3308676.50000000 43922.68359375
0.05900000 3266560.25000000 35278.85156250
0.06000000 3224282.75000000 35402.62500000
0.06100000 3181892.25000000 44387.39843750
0.06200000 3139376.50000000 47467.37500000
0.06300000 3096781.00000000 29729.09765625
0.06400000 3054113.25000000 29777.60546875
0.06500001 3011395.00000000 38756.65625000
0.06600000 2968653.75000000 32818.46875000
0.06700000 2925892.00000000 35812.91796875
0.06800000 2883162.50000000 38792.95312500
0.06900001 2840453.25000000 53684.57031250
0.07000000 2797789.50000000 32776.10546875
0.07100000 2755190.50000000 32731.66406250
0.07200000 2712670.50000000 29703.74414062
0.07300001 2670269.25000000 38531.98828125
0.07400000 2627980.75000000 47303.65234375
0.07500000 2585812.50000000 47165.22265625
0.07600001 2543826.00000000 38195.55078125
0.07700001 2501991.50000000 49764.61718750
0.07800000 2460351.25000000 32070.67968750
0.07900000 2418879.00000000 31929.20507812
0.08000001 2377656.25000000 31777.37890625
0.08100000 2336649.50000000 43111.18359375
0.08200000 2295897.00000000 34300.70312500
0.08300000 2255400.25000000 53994.28515625
0.08400001 2215156.50000000 33891.89843750
0.08500000 2175209.75000000 28060.20703125
0.08600000 2135566.00000000 39016.79296875
0.08700000 2096224.87500000 30437.18750000
0.08800001 2057178.87500000 27463.33984375
0.08900000 2018485.25000000 32699.46093750
0.09000000 1980133.87500000 40543.24218750
0.09100001 1942126.25000000 26801.34375000
0.09200001 1904482.25000000 31881.03515625
0.09300000 1867218.87500000 31593.34375000
0.09400000 1830312.62500000 31298.34765625
0.09500001 1793805.62500000 38746.20312500
0.09600000 1757687.12500000 35804.08593750
0.09700000 1721975.12500000 32906.94531250
0.09800000 1686672.87500000 25047.09375000
0.09900001 1651785.87500000 39642.86328125
0.10000000 1617322.50000000 26952.67968750
0.10100000 1583284.87500000 36336.39062500
0.10200001 1549676.62500000 43096.50781250
0.10300001 1516503.37500000 33120.43750000
0.10400000 1483773.87500000 25706.38281250
0.10500000 1451498.12500000 27694.58593750
0.10600001 1419660.50000000 36456.88281250
0.10700001 1388284.50000000 35984.33593750
0.10800000 1357361.62500000 26631.43554688
0.10900000 1326894.75000000 28461.89453125
0.11000001 1296890.12500000 28071.18945312
0.11100001 1267343.37500000 21291.37109375
0.11200000 1238264.50000000 25186.30078125
0.11300001 1209647.87500000 22753.47851562
0.11400001 1181494.37500000 26495.01367188
0.11500000 1153813.75000000 22083.99609375
0.11600000 1126596.50000000 23726.12304688
0.11700001 1099838.87500000 21413.86328125
0.11800001 1073540.87500000 21078.97656250
0.11900000 1047719.37500000 20744.84375000
0.12000000 1022354.50000000 22266.88281250
0.12100001 997451.00000000 20078.68945312
0.12200001 973006.56250000 25132.76171875
0.12300000 949020.37500000 28242.84765625
0.12400001 925483.37500000 22558.65820312
0.12500000 902402.00000000 22172.01757812
0.12600000 879775.62500000 23463.61718750
0.12700000 857593.87500000 18112.38281250
0.12800001 835853.81250000 19408.52734375
0.12900001 814551.50000000 15883.75488281
0.13000001 793690.50000000 20274.82617188
0.13100001 773258.37500000 16841.56835938
0.13200000 753257.12500000 19535.72265625
0.13300000 733683.12500000 19171.14062500
0.13400000 714525.62500000 14469.14453125
0.13500001 695790.31250000 21291.18359375
0.13600001 677458.00000000 20882.64453125
0.13700001 659541.00000000 16383.00000000
0.13800001 642019.37500000 13386.10546875
0.13900001 624901.25000000 24933.56250000
0.14000000 608168.81250000 15435.32421875
0.14100000 591828.93750000 15127.14746094
0.14200000 575869.93750000 19763.85742188
0.14300001 560286.81250000 14522.63476562
0.14400001 545072.93750000 13040.87109375
0.14500001 530228.93750000 12773.21582031
0.14600001 515742.46875000 18195.39648438
0.14700000 501612.59375000 12249.37988281
0.14800000 487830.00000000 17444.80078125
0.14900000 474390.68750000 13875.92773438
0.15000001 461289.96875000 12537.86230469
0.15100001 448522.03125000 13294.19335938
0.15200001 436082.21875000 12009.70507812
0.15300001 423961.50000000 14690.26757812
0.15400001 412151.78125000 15332.04785156
0.15500000 400656.06250000 10312.88671875
0.15600000 389460.62500000 11006.15722656
0.15700001 378567.34375000 12560.86523438
0.15800001 367959.84375000 8775.84277344
0.15900001 357642.15625000 9441.75390625
0.16000001 347603.71875000 10073.55664062
0.16100001 337844.96875000 10672.52343750
0.16200000 328350.34375000 10436.61523438
0.16300000 319122.34375000 8635.45117188
0.16400000 310150.93750000 7676.23583984
0.16500001 301433.43750000 10507.96972656
0.16600001 292961.03125000 7338.67431641
0.16700001 284731.53125000 15067.99316406
0.16800001 276738.90625000 10522.99804688
0.16900001 268979.28125000 8916.66406250
0.17000000 261442.84375000 8047.21093750
0.17100000 254127.78125000 8523.44628906
0.17200001 247027.37500000 8333.46875000
0.17300001 240138.81250000 9401.43457031
0.17400001 233456.48437500 6128.23291016
0.17500001 226973.90625000 7789.74511719
0.17600001 220685.46875000 7616.95947266
0.17700000 214592.50000000 6875.54394531
0.17800000 208681.85937500 6163.41894531
0.17900001 202954.18750000 7671.66845703
0.18000001 197403.26562500 5895.44873047
0.18100001 192028.51562500 7863.56787109
0.18200001 186817.39062500 5128.13769531
0.18300001 181771.31250000 6521.95507812
0.18400002 176884.56250000 8344.53027344
0.18500000 172155.07812500 7685.00292969
0.18600000 167574.92187500 5170.52441406
0.18700001 163143.75000000 5980.85009766
0.18800001 158853.84375000 4503.50683594
0.18900001 154706.73437500 4850.05615234
0.19000001 150690.93750000 5180.75488281
0.19100001 146812.35937500 6342.29443359
0.19200000 143057.40625000 6212.26806641
0.19300000 139431.20312500 4463.19287109
0.19400001 135924.56250000 3975.79345703
0.19500001 132536.67187500 3896.57836914
0.19600001 129260.85937500 4965.55615234
0.19700001 126098.78906250 4119.64746094
0.19800001 123043.29687500 3672.84277344
0.19900002 120095.35937500 4323.43310547
0.20000000 117247.39843750 3888.51000977
0.20100001 114499.22656250 3816.25927734
0.20200001 111846.58593750 4086.87451172
0.20300001 109288.60937500 4013.07788086
0.20400001 106819.87500000 3613.18237305
0.20500001 104440.44531250 3227.20996094
0.20600002 102144.76562500 4757.39257812
0.20700002 99932.67187500  5300.42919922
0.20800000 97799.31250000  3985.81103516
0.20900001 95748.82812500  3016.08813477
0.21000001 93768.53906250  4154.88427734
0.21100001 91863.05468750  3213.36987305
0.21200001 90028.89062500  3451.70776367
0.21300001 88262.20312500  3966.50366211
0.21400002 86562.85937500  3629.14819336
0.21500000 84929.10156250  3026.87329102
0.21600001 83356.32812500  3798.54785156
0.21700001 81844.96093750  3479.22949219
0.21800001 80391.39843750  3169.02905273
0.21900001 78993.01562500  2867.44653320
0.22000001 77650.60937500  2574.11791992
0.22100002 76363.03125000  3051.46704102
0.22200002 75125.75781250  3015.54809570
0.22300000 73938.32031250  2484.32763672
0.22400001 72796.91406250  3439.65429688
0.22500001 71705.57031250  2916.98266602
0.22600001 70655.97656250  2887.00341797
0.22700001 69652.39843750  2858.53466797
0.22800002 68689.19531250  2595.42138672
0.22900002 67765.85156250  2571.71435547
0.23000000 66882.92187500  3012.74121094
0.23100001 66038.82812500  2987.59667969
0.23200001 65228.32031250  2507.70288086
0.23300001 64455.25781250  3619.80737305
0.23400001 63716.68359375  2470.61450195
0.23500001 63007.65625000  2230.47119141
0.23600002 62332.50781250  2659.10498047
0.23700002 61687.64843750  3743.82373047
0.23800001 61072.27343750  3065.21752930
0.23900001 60483.87109375  3266.12915039
0.24000001 59923.49609375  2382.85791016
0.24100001 59390.68359375  2587.05834961
0.24200001 58882.53125000  2575.52197266
0.24300002 58397.23437500  2992.27441406
0.24400002 57935.80859375  3193.71166992
0.24500000 57497.02343750  2333.80419922
0.24600001 57080.19921875  2537.78564453
0.24700001 56683.42187500  2319.48559570
0.24800001 56306.93750000  2313.37060547
0.24900001 55948.24218750  2517.67114258
0.25000000 55608.69921875  2303.03417969
0.25100002 55285.76171875  3343.68310547
0.25200000 54981.39843750  2503.85302734
0.25300002 54690.89453125  3125.58496094
0.25400001 54416.83203125  2289.58837891
0.25500003 54156.69140625  2287.57885742
0.25600001 53911.26171875  3117.41894531
0.25700000 53677.60937500  2492.78808594
0.25800002 53457.91015625  2699.89184570
0.25900000 53249.77734375  2284.41552734
0.26000002 53053.89062500  2492.47192383
0.26100001 52866.36328125  2077.64819336
0.26200002 52691.80468750  2494.43017578
0.26300001 52524.21875000  2287.95507812
0.26400000 52367.66406250  2497.93750000
0.26500002 52219.50781250  3333.69360352
0.26600000 52078.99218750  2085.76367188
0.26700002 51947.23046875  2088.27880859
0.26800001 51822.82031250  2091.05078125
0.26900002 51703.84375000  2094.00585938
0.27000001 51592.52734375  2516.68359375
0.27100003 51485.69531250  2520.73999023
0.27200001 51387.26562500  3156.46289062
0.27300000 51291.53125000  2108.08203125
0.27400002 51199.20312500  2956.75415039
0.27500001 51114.09765625  2116.12377930
0.27600002 51030.89453125  2968.46728516
0.27700001 50953.16796875  2124.74707031
0.27800003 50877.63671875  2342.15234375
0.27900001 50805.41796875  2560.59326172
0.28000000 50736.10156250  2566.23193359
0.28100002 50668.37500000  2571.92700195
0.28200001 50604.11328125  2792.58813477
0.28300002 50541.10546875  3229.57690430
0.28400001 50479.68750000  2805.40869141
0.28500003 50420.01953125  2595.62280273
0.28600001 50360.84375000  2384.83789062
0.28700000 50302.92578125  2173.08642578
0.28800002 50245.65234375  2395.96411133
0.28900000 50189.14453125  3493.16455078
0.29000002 50131.95312500  2407.08593750
0.29100001 50076.21484375  2193.33837891
0.29200003 50020.11328125  2418.22265625
0.29300001 49964.11718750  2864.44287109
0.29400000 49906.07031250  2208.34350586
0.29500002 49849.36328125  2655.97412109
0.29600000 49790.60546875  2883.62304688
0.29700002 49731.35546875  2222.99169922
0.29800001 49671.47656250  2450.54248047
0.29900002 49610.76562500  2232.48461914
0.30000001 49548.14843750  2460.80883789
0.30100003 49485.17968750  2914.18261719
0.30200002 49419.74609375  2919.96582031
0.30300000 49353.92578125  3825.91625977
0.30400002 49286.66406250  3382.29760742
0.30500001 49216.45312500  2484.93872070
0.30600002 49145.13281250  2942.07348633
0.30700001 49072.96875000  2267.17114258
0.30800003 48998.07812500  2952.37939453
0.30900002 48922.08203125  2502.36450195
0.31000000 48843.42968750  4101.38281250
0.31100002 48763.42968750  2966.76733398
0.31200001 48681.21875000  2285.58325195
0.31300002 48597.04296875  2288.92089844
0.31400001 48511.52343750  2750.60351562
0.31500003 48423.08203125  2524.77978516
0.31600001 48333.17968750  2298.24291992
0.31700000 48241.88671875  2531.25170898
0.31800002 48147.29296875  2303.84814453
0.31900001 48052.50781250  2537.17236328
0.32000002 47954.60546875  3463.52172852
0.32100001 47854.65625000  3929.34594727
0.32200003 47753.65625000  3470.49731445
0.32300001 47649.51953125  4168.38037109
0.32400000 47543.92968750  2317.76660156
0.32500002 47436.32421875  2783.56372070
0.32600001 47327.19140625  2321.39868164
0.32700002 47215.96875000  3716.84130859
0.32800001 47103.51562500  2557.01440430
0.32900003 46988.63281250  2558.53125000
0.33000001 46872.91015625  3025.41210938
0.33100003 46753.91015625  3259.68286133
0.33200002 46635.32812500  3261.20874023
0.33300000 46514.07812500  2796.42651367
0.33400002 46391.39062500  3030.51782227
0.33500001 46267.20703125  3031.42749023
0.33600003 46141.47265625  3032.18701172
0.33700001 46014.15234375  2332.91772461
0.33800003 45885.91406250  3266.61840820
0.33900002 45755.92187500  2566.90722656
0.34000000 45624.02734375  3267.13671875
0.34100002 45491.55078125  3033.83178711
0.34200001 45358.81250000  3267.19531250
0.34300002 45223.82031250  2333.54931641
0.34400001 45088.75390625  2566.67749023
0.34500003 44951.98828125  2333.00830078
0.34600002 44814.76171875  3265.65185547
0.34700000 44675.66796875  3498.10473633
0.34800002 44536.30078125  3030.91821289
0.34900001 44396.76953125  2330.83056641
0.35000002 44255.39062500  2563.05102539
0.35100001 44114.03906250  2329.22143555
0.35200003 43971.06250000  3259.57519531
0.35300002 43828.02734375  2559.99511719
0.35400000 43684.33593750  2558.81005859
0.35500002 43539.94531250  2557.53662109
0.35600001 43395.28125000  2556.19897461
0.35700002 43249.93359375  3483.78247070
0.35800001 43104.66796875  2785.42382812
0.35900003 42958.62109375  2783.71875000
0.36000001 42812.69531250  2781.96899414
0.36100003 42665.93750000  2780.11279297
0.36200002 42520.12890625  2315.22119141
0.36300001 42372.99218750  2776.27856445
0.36400002 42225.41406250  2774.20996094
0.36500001 42077.92968750  2541.08618164
0.36600003 41931.05078125  3462.45678711
0.36700001 41783.57031250  2767.74389648
0.36800003 41637.10546875  3226.45947266
0.36900002 41490.38671875  2763.25976562
0.37000000 41342.67578125  2760.86401367
0.37100002 41195.17578125  2528.56005859
0.37200001 41048.68750000  2985.67626953
0.37300003 40901.93359375  2982.97827148
0.37400001 40755.95312500  3209.53149414
0.37500003 40610.71875000  3206.62255859
0.37600002 40464.75000000  3203.59448242
0.37700000 40319.32031250  2514.71606445
0.37800002 40174.94140625  3882.70751953
0.37900001 40030.86718750  2509.93554688
0.38000003 39887.08203125  2735.45629883
0.38100001 39743.89453125  2732.79028320
0.38200003 39601.38671875  2957.62988281
0.38300002 39458.86328125  2500.11376953
0.38400000 39318.23046875  3178.87890625
0.38500002 39177.15625000  3629.37182617
0.38600001 39038.43750000  2946.03564453
0.38700002 38898.39453125  3169.44140625
0.38800001 38760.17578125  3166.31884766
0.38900003 38622.67578125  2485.36938477
0.39000002 38486.24218750  2257.21826172
0.39100003 38350.98828125  2931.54980469
0.39200002 38217.43750000  2703.50170898
0.39300001 38083.37890625  3151.01879883
0.39400002 37952.42968750  2473.54980469
0.39500001 37821.14062500  2695.89086914
0.39600003 37691.26953125  2244.51513672
0.39700001 37562.92187500  2691.00781250
0.39800003 37435.89453125  2688.64624023
0.39900002 37310.35156250  2910.20751953
0.40000001 37186.53515625  2684.12426758
0.40100002 37063.48828125  2905.40698242
0.40200001 36942.61718750  2456.49951172
0.40300003 36822.73437500  2677.74951172
0.40400001 36704.91015625  2675.78808594
0.40500003 36588.83203125  2228.26000977
0.40600002 36475.32812500  3117.54638672
0.40700001 36362.34375000  3338.06323242
0.40800002 36251.64062500  3113.65356445
0.40900001 36142.85937500  4223.29345703
0.41000003 36036.98828125  2666.01660156
0.41100001 35932.56250000  2664.75903320
0.41200003 35829.73828125  2663.58300781
0.41300002 35730.35937500  2662.62646484
0.41400003 35632.56640625  2883.56567383
0.41500002 35537.27343750  2439.27856445
0.41600001 35443.18750000  2216.97143555
0.41700003 35353.19140625  2881.63891602
0.41800001 35265.46484375  2881.36499023
0.41900003 35178.85937500  3324.40234375
0.42000002 35096.20703125  2437.95800781
0.42100003 35016.22656250  2438.17993164
0.42200002 34939.17578125  2216.89086914
0.42300001 34864.20312500  3326.04492188
0.42400002 34792.22656250  2439.80493164
0.42500001 34723.64062500  2662.60888672
0.42600003 34657.00781250  3551.65039062
0.42700002 34594.33593750  2665.14770508
0.42800003 34534.52343750  2222.29687500
0.42900002 34478.10546875  2446.22167969
0.43000001 34424.30859375  3115.74414062
0.43100002 34373.44531250  2895.61914062
0.43200001 34326.17187500  2898.33032227
0.43300003 34282.16406250  2901.29980469
0.43400002 34241.68359375  3127.97802734
0.43500003 34204.05078125  2684.33398438
0.43600002 34171.47265625  2239.94018555
0.43700001 34140.23046875  2467.31445312
0.43800002 34112.86328125  2470.96533203
0.43900001 34089.71875000  2699.90576172
0.44000003 34069.80468750  2479.08959961
0.44100001 34053.25000000  2935.04980469
0.44200003 34040.68359375  2262.00366211
0.44300002 34031.20312500  2719.77392578
0.44400004 34025.82031250  2952.59082031
0.44500002 34022.68359375  3414.17651367
0.44600001 34024.08984375  2737.57836914
0.44700003 34029.48828125  3430.17260742
0.44800001 34037.80468750  2292.44628906
0.44900003 34050.11328125  2758.05932617
0.45000002 34066.59765625  3456.90820312
0.45100003 34085.22656250  2773.17431641
0.45200002 34108.34375000  3708.25927734
0.45300001 34134.87890625  3486.87792969
0.45400003 34164.81250000  3497.62280273
0.45500001 34198.46484375  3976.59765625
0.45600003 34235.36328125  3754.93481445
0.45700002 34276.00781250  3061.19042969
0.45800003 34319.50390625  2599.18774414
0.45900002 34366.51562500  2845.54760742
0.46000001 34418.23437500  3094.02734375
0.46100003 34471.51171875  3344.42626953
0.46200001 34529.35546875  2637.87011719
0.46300003 34589.32031250  2888.90014648
0.46400002 34653.28125000  3383.89306641
0.46500003 34720.06640625  2426.93286133
0.46600002 34790.05078125  2924.45190430
0.46700001 34862.34765625  2936.80419922
0.46800002 34939.09375000  3932.74462891
0.46900001 35017.16015625  3209.32275391
0.47000003 35098.45312500  2727.67651367
0.47100002 35183.24218750  2989.16845703
0.47200003 35270.14453125  3753.62548828
0.47300002 35360.10156250  3016.92407227
0.47400004 35451.51562500  3031.10473633
0.47500002 35546.62890625  3045.63525391
0.47600001 35644.01171875  4335.55957031
0.47700003 35742.53906250  3587.83618164
0.47800002 35844.33593750  4120.66503906
0.47900003 35948.20312500  2847.09790039
0.48000002 36053.77734375  4682.30419922
0.48100004 36162.03906250  3137.41870117
0.48200002 36270.64453125  3416.15087891
0.48300001 36381.47656250  3433.68383789
0.48400003 36495.10937500  3186.02319336
0.48500001 36609.33203125  3469.46655273
0.48600003 36726.09375000  3755.97778320
0.48700002 36843.84375000  2966.66650391
0.48800004 36961.98437500  4337.85888672
0.48900002 37081.97265625  4088.28759766
0.49000001 37203.28125000  4384.03466797
0.49100003 37325.44140625  2754.61767578
0.49200001 37448.59765625  3600.12109375
0.49300003 37572.95312500  2784.15600586
0.49400002 37697.53906250  3078.94653320
0.49500003 37822.64453125  2814.00488281
0.49600002 37949.03515625  3960.74096680
0.49700001 38075.29687500  2844.22460938
0.49800003 38202.38281250  3717.28295898
0.49900001 38329.58203125  4024.60620117
0.50000000 38456.98437500  5202.07617188
