# SAXS profile: number of points = 501, q_min = 0, q_max = 0.5, delta_q = 0.001
#    q    intensity    error
0.00000000 4792986.00000000 1006.52703857
0.00100000 4792498.50000000 1581.52453613
0.00200000 4791088.50000000 2371.58886719
0.00300000 4788672.50000000 3447.84423828
0.00400000 4785330.50000000 4306.79785156
0.00500000 4781044.50000000 5163.52832031
0.00600000 4775788.50000000 5014.57812500
0.00700000 4769602.00000000 5723.52246094
0.00800000 4762498.00000000 7715.24707031
0.00900000 4754413.00000000 9271.10546875
0.01000000 4745419.00000000 9395.93066406
0.01100000 4735480.00000000 9376.25097656
0.01200000 4724608.00000000 13819.47851562
0.01300000 4712835.00000000 14845.43066406
0.01400000 4700138.00000000 13747.90429688
0.01500000 4686552.00000000 15746.81542969
0.01600000 4672059.50000000 13105.12792969
0.01700000 4656673.50000000 13830.32128906
0.01800000 4640432.50000000 15870.28027344
0.01900000 4623302.50000000 13869.90820312
0.02000000 4605313.00000000 26112.12695312
0.02100000 4586495.00000000 21189.60937500
0.02200000 4566816.50000000 15755.51855469
0.02300000 4546318.50000000 21276.77148438
0.02400000 4524982.50000000 22059.28906250
0.02500000 4502863.00000000 24585.63281250
0.02600000 4479921.00000000 25401.15234375
0.02700000 4456218.50000000 24330.95312500
0.02800000 4431739.50000000 21205.87500000
0.02900000 4406502.50000000 23795.11523438
0.03000000 4380525.00000000 22406.38671875
0.03100000 4353828.00000000 29257.72460938
0.03200000 4326416.00000000 23557.33593750
0.03300000 4298294.50000000 24113.43164062
0.03400000 4269504.00000000 22414.89648438
0.03500000 4240047.50000000 22896.25585938
0.03600000 4209920.00000000 25701.56250000
0.03700000 4179163.25000000 26203.35351562
0.03800000 4147790.00000000 29117.48828125
0.03900000 4115803.25000000 29633.78320312
0.04000000 4083250.75000000 40179.19140625
0.04100000 4050121.75000000 30618.92187500
0.04200000 4016429.00000000 25905.96875000
0.04300000 3982196.25000000 26282.49609375
0.04400000 3947455.00000000 31974.38867188
0.04500000 3912216.75000000 35092.58593750
0.04600000 3876489.25000000 40993.87890625
0.04700000 3840303.50000000 35945.24218750
0.04800000 3803666.75000000 33548.33984375
0.04900000 3766608.75000000 28249.56640625
0.05000000 3729124.75000000 42791.70703125
0.05100000 3691269.50000000 51825.42578125
0.05200000 3653022.00000000 29041.52539062
0.05300000 3614427.25000000 29276.86328125
0.05400000 3575489.50000000 32447.56835938
0.05500000 3536255.50000000 41586.36718750
0.05600000 3496708.50000000 32886.54296875
0.05700000 3456887.25000000 36089.90625000
0.05800000 3416804.75000000 45358.08593750
0.05900000 3376470.25000000 36465.88281250
0.06000000 3335916.25000000 36628.36328125
0.06100000 3295164.00000000 45967.54296875
0.06200000 3254229.00000000 49203.94531250
0.06300000 3213109.25000000 30845.84960938
0.06400000 3171844.50000000 30925.48437500
0.06500001 3130456.25000000 40288.97656250
0.06600000 3088954.00000000 34148.38671875
0.06700000 3047344.75000000 37299.50000000
0.06800000 3005663.50000000 40441.20312500
0.06900001 2963919.75000000 56018.08593750
0.07000000 2922127.50000000 34232.72265625
0.07100000 2880330.75000000 34218.33203125
0.07200000 2838501.25000000 31081.58984375
0.07300001 2796684.75000000 40356.16406250
0.07400000 2754901.00000000 49588.21875000
0.07500000 2713165.25000000 49488.13671875
0.07600001 2671478.00000000 40112.24609375
0.07700001 2629867.25000000 52308.06250000
0.07800000 2588327.00000000 33738.84375000
0.07900000 2546919.75000000 33619.34375000
0.08000001 2505611.00000000 33487.49218750
0.08100000 2464454.50000000 45469.18750000
0.08200000 2423450.00000000 36206.34375000
0.08300000 2382595.75000000 57039.34375000
0.08400001 2341924.25000000 35831.44531250
0.08500000 2301455.50000000 29688.77539062
0.08600000 2261195.00000000 41312.03515625
0.08700000 2221138.75000000 32250.93554688
0.08800001 2181321.50000000 29120.64453125
0.08900000 2141753.50000000 34696.40625000
0.09000000 2102432.75000000 43047.31250000
0.09100001 2063372.87500000 28474.54687500
0.09200001 2024604.75000000 33891.88671875
0.09300000 1986131.00000000 33605.33593750
0.09400000 1947955.50000000 33310.03906250
0.09500001 1910095.62500000 41258.06640625
0.09600000 1872565.00000000 38144.14843750
0.09700000 1835362.62500000 35073.78125000
0.09800000 1798501.12500000 26707.74218750
0.09900001 1761998.00000000 42287.95312500
0.10000000 1725850.37500000 28761.29687500
0.10100000 1690068.25000000 38787.06640625
0.10200001 1654667.00000000 46016.29296875
0.10300001 1619651.12500000 35373.18359375
0.10400000 1585022.50000000 27460.51562500
0.10500000 1550801.62500000 29589.29687500
0.10600001 1516976.75000000 38955.96484375
0.10700001 1483571.62500000 38454.17968750
0.10800000 1450572.87500000 28460.24023438
0.10900000 1418006.00000000 30416.23046875
0.11000001 1385861.50000000 29996.97460938
0.11100001 1354153.00000000 22749.77148438
0.11200000 1322876.62500000 26907.31054688
0.11300001 1292047.87500000 24303.42187500
0.11400001 1261663.50000000 28292.80664062
0.11500000 1231722.00000000 23575.16015625
0.11600000 1202233.12500000 25319.03125000
0.11700001 1173202.62500000 22842.25585938
0.11800001 1144628.75000000 22474.78710938
0.11900000 1116511.62500000 22106.93164062
0.12000000 1088848.00000000 23715.11132812
0.12100001 1061648.12500000 21370.97851562
0.12200001 1034906.18750000 26731.62890625
0.12300000 1008638.37500000 30017.07812500
0.12400001 982830.31250000 23956.49023438
0.12500000 957479.12500000 23525.26171875
0.12600000 932597.68750000 24872.38085938
0.12700000 908180.87500000 19180.78125000
0.12800001 884222.87500000 20531.65625000
0.12900001 860726.56250000 16784.16992188
0.13000001 837690.62500000 21398.80859375
0.13100001 815110.93750000 17753.11718750
0.13200000 792988.25000000 20566.15039062
0.13300000 771326.93750000 20154.77343750
0.13400000 750112.62500000 15189.78125000
0.13500001 729350.50000000 22318.12695312
0.13600001 709034.25000000 21855.98242188
0.13700001 689159.43750000 17118.72070312
0.13800001 669728.06250000 13963.83105469
0.13900001 650739.06250000 25964.49023438
0.14000000 632176.31250000 16044.63476562
0.14100000 614052.68750000 15695.18652344
0.14200000 596351.56250000 20466.78710938
0.14300001 579074.18750000 15009.60351562
0.14400001 562209.56250000 13450.86425781
0.14500001 545764.18750000 13147.45996094
0.14600001 529724.37500000 18688.67773438
0.14700000 514094.56250000 12554.18945312
0.14800000 498858.06250000 17839.16406250
0.14900000 484017.53125000 14157.51269531
0.15000001 469566.46875000 12762.81738281
0.15100001 455500.12500000 13501.02441406
0.15200001 441816.31250000 12167.62207031
0.15300001 428500.00000000 14847.52636719
0.15400001 415550.31250000 15458.47265625
0.15500000 402968.53125000 10372.41015625
0.15600000 390736.00000000 11042.19921875
0.15700001 378858.25000000 12570.51757812
0.15800001 367321.03125000 8760.60742188
0.15900001 356125.87500000 9401.72363281
0.16000001 345259.06250000 10005.60839844
0.16100001 334724.00000000 10573.93164062
0.16200000 324506.34375000 10314.43457031
0.16300000 314603.37500000 8513.16699219
0.16400000 305008.40625000 7548.95849609
0.16500001 295715.50000000 10308.64257812
0.16600001 286715.87500000 7182.23291016
0.16700001 278006.56250000 14712.10839844
0.16800001 269577.62500000 10250.69042969
0.16900001 261429.81250000 8666.39941406
0.17000000 253551.96875000 7804.32958984
0.17100000 245936.26562500 8248.70214844
0.17200001 238580.56250000 8048.51562500
0.17300001 231474.64062500 9062.23242188
0.17400001 224616.43750000 5896.18164062
0.17500001 217997.09375000 7481.66064453
0.17600001 211610.76562500 7303.74609375
0.17700000 205452.73437500 6582.70556641
0.17800000 199514.21875000 5892.65234375
0.17900001 193791.92187500 7325.33496094
0.18000001 188279.67187500 5622.97265625
0.18100001 182975.03125000 7492.82812500
0.18200001 177862.42187500 4882.32373047
0.18300001 172943.01562500 6205.19580078
0.18400002 168210.00000000 7935.30761719
0.18500000 163660.53125000 7305.80615234
0.18600000 159282.76562500 4914.66992188
0.18700001 155076.56250000 5685.10693359
0.18800001 151034.26562500 4281.82177734
0.18900001 147152.32812500 4613.22558594
0.19000001 143420.34375000 4930.79150391
0.19100001 139842.54687500 6041.19824219
0.19200000 136403.93750000 5923.34082031
0.19300000 133107.09375000 4260.75830078
0.19400001 129942.34375000 3800.81372070
0.19500001 126906.61718750 3731.05468750
0.19600001 123995.30468750 4763.27978516
0.19700001 121203.82812500 3959.72924805
0.19800001 118528.03125000 3538.06201172
0.19900002 115963.79687500 4174.69677734
0.20000000 113502.41406250 3764.30761719
0.20100001 111146.46875000 3704.51196289
0.20200001 108888.26562500 3978.77734375
0.20300001 106723.56250000 3918.88940430
0.20400001 104649.20312500 3539.75952148
0.20500001 102661.78906250 3172.24951172
0.20600002 100755.03125000 4692.66601562
0.20700002 98929.07812500  5247.19873047
0.20800000 97176.94531250  3960.44653320
0.20900001 95501.46093750  3008.29614258
0.21000001 93889.97656250  4160.26513672
0.21100001 92346.48437500  3230.28027344
0.21200001 90864.64843750  3483.75073242
0.21300001 89440.93750000  4019.47607422
0.21400002 88075.48437500  3692.56494141
0.21500000 86765.51562500  3092.32299805
0.21600001 85503.49218750  3896.39428711
0.21700001 84291.61718750  3583.23681641
0.21800001 83124.08593750  3276.75170898
0.21900001 81999.71875000  2976.58984375
0.22000001 80916.25000000  2682.37377930
0.22100002 79874.31250000  3191.77783203
0.22200002 78867.20312500  3165.72973633
0.22300000 77894.59375000  2617.25830078
0.22400001 76952.89843750  3636.02465820
0.22500001 76044.81250000  3093.50317383
0.22600001 75163.61718750  3071.18554688
0.22700001 74311.68750000  3049.75170898
0.22800002 73483.09375000  2776.55883789
0.22900002 72677.89843750  2758.12646484
0.23000000 71896.00000000  3238.55541992
0.23100001 71136.00000000  3218.19262695
0.23200001 70393.09375000  2706.26269531
0.23300001 69670.07812500  3912.67187500
0.23400001 68964.93750000  2674.11547852
0.23500001 68272.19531250  2416.83593750
0.23600002 67596.97656250  2883.68725586
0.23700002 66935.08593750  4062.29077148
0.23800001 66286.25000000  3326.90698242
0.23900001 65648.25000000  3545.00561523
0.24000001 65021.78125000  2585.59130859
0.24100001 64407.14453125  2805.57543945
0.24200001 63802.20703125  2790.70874023
0.24300002 63204.26562500  3238.58666992
0.24400002 62615.83984375  3451.69848633
0.24500000 62035.08203125  2518.00415039
0.24600001 61461.88671875  2732.59545898
0.24700001 60895.50781250  2491.84423828
0.24800001 60335.61718750  2478.88891602
0.24900001 59780.79687500  2690.13598633
0.25000000 59232.14843750  2453.09936523
0.25100002 58688.67968750  3549.49169922
0.25200000 58151.99218750  2648.24169922
0.25300002 57619.04687500  3292.92871094
0.25400001 57090.71875000  2402.09204102
0.25500003 56566.74218750  2389.37939453
0.25600001 56048.22265625  3240.98852539
0.25700000 55532.67968750  2578.93774414
0.25800002 55022.41015625  2778.90698242
0.25900000 54516.20703125  2338.74536133
0.26000002 54014.35546875  2537.59472656
0.26100001 53515.46093750  2103.15771484
0.26200002 53022.66406250  2510.09326172
0.26300001 52531.82421875  2288.28637695
0.26400000 52046.68359375  2482.62670898
0.26500002 51565.23046875  3291.92456055
0.26600000 51088.10937500  2046.07885742
0.26700002 50616.62109375  2034.78833008
0.26800001 50149.78515625  2023.54382324
0.26900002 49685.98437500  2012.28259277
0.27000001 49228.09375000  2401.34643555
0.27100003 48774.63281250  2388.00634766
0.27200001 48328.82421875  2968.59814453
0.27300000 47885.69921875  1968.10229492
0.27400002 47446.67968750  2740.04589844
0.27500001 47016.19921875  1946.47070312
0.27600002 46588.95703125  2710.07983398
0.27700001 46169.96093750  1925.28747559
0.27800003 45755.52734375  2106.35595703
0.27900001 45347.65234375  2285.52172852
0.28000000 44946.06640625  2273.37207031
0.28100002 44550.77734375  2261.39770508
0.28200001 44162.58984375  2437.11254883
0.28300002 43781.25000000  2797.62207031
0.28400001 43406.95703125  2412.34179688
0.28500003 43040.12890625  2215.70605469
0.28600001 42679.82421875  2021.10314941
0.28700000 42326.48828125  1828.50427246
0.28800002 41981.59375000  2001.89245605
0.28900000 41644.60546875  2898.46459961
0.29000002 41314.60546875  1983.72094727
0.29100001 40993.25390625  1795.50451660
0.29200003 40679.88281250  1966.66906738
0.29300001 40374.57031250  2314.67431641
0.29400000 40076.53515625  1773.38671875
0.29500002 39788.13281250  2119.91186523
0.29600000 39506.97656250  2288.04663086
0.29700002 39234.16406250  1753.76721191
0.29800001 38970.39843750  1922.60461426
0.29900002 38715.72656250  1742.20788574
0.30000001 38468.51562500  1910.53894043
0.30100003 38230.50781250  2251.39477539
0.30200002 38000.16406250  2245.23974609
0.30300000 37779.83203125  2928.69262695
0.30400002 37567.50390625  2578.07006836
0.30500001 37362.60937500  1886.43823242
0.30600002 37166.91406250  2224.99755859
0.30700001 36980.25390625  1708.48779297
0.30800003 36801.75000000  2217.48974609
0.30900002 36631.89062500  1873.72131348
0.31000000 36469.98046875  3062.38427734
0.31100002 36316.65625000  2209.50561523
0.31200001 36171.34375000  1698.24462891
0.31300002 36034.23828125  1697.21276855
0.31400001 35905.31640625  2035.83154297
0.31500003 35783.72656250  1865.76367188
0.31600001 35670.39843750  1696.12756348
0.31700000 35565.52343750  1866.12304688
0.31800002 35466.39843750  1697.06726074
0.31900001 35376.97656250  1867.90441895
0.32000002 35293.19921875  2549.05151367
0.32100001 35217.18359375  2891.68310547
0.32200003 35148.56250000  2554.42187500
0.32300001 35085.89843750  3069.31445312
0.32400000 35030.33984375  1707.72912598
0.32500002 34981.00781250  2052.68554688
0.32600001 34937.84765625  1713.70141602
0.32700002 34901.37890625  2747.43676758
0.32800001 34871.47265625  1892.99792480
0.32900003 34846.35156250  1897.38403320
0.33000001 34827.62109375  2247.94897461
0.33100003 34812.82421875  2427.15039062
0.33200002 34805.04687500  2433.91699219
0.33300000 34801.28906250  2092.25341797
0.33400002 34802.41796875  2273.46801758
0.33500001 34808.26953125  2280.63793945
0.33600003 34818.54687500  2288.10107422
0.33700001 34832.51171875  1766.00842285
0.33800003 34851.16796875  2481.05493164
0.33900002 34872.83203125  1956.36596680
0.34000000 34897.32812500  2498.99780273
0.34100002 34926.04296875  2329.21801758
0.34200001 34958.93750000  2518.09228516
0.34300002 34993.26562500  1805.65258789
0.34400001 35031.12890625  1994.14709473
0.34500003 35071.13671875  1820.19213867
0.34600002 35113.57421875  2558.72631836
0.34700000 35157.61718750  2752.84155273
0.34800002 35203.66406250  2395.78540039
0.34900001 35251.93359375  1850.72656250
0.35000002 35300.44140625  2044.42517090
0.35100001 35351.40625000  1866.55432129
0.35200003 35402.39062500  2624.37939453
0.35300002 35454.52343750  2070.89868164
0.35400000 35507.05078125  2079.82543945
0.35500002 35560.43359375  2088.82006836
0.35600001 35613.90625000  2097.83715820
0.35700002 35667.58203125  2873.02392578
0.35800001 35720.80468750  2308.27856445
0.35900003 35774.33984375  2318.17749023
0.36000001 35827.12500000  2328.04663086
0.36100003 35879.39062500  2337.90136719
0.36200002 35931.66015625  1956.47900391
0.36300001 35982.03515625  2357.54296875
0.36400002 36030.85937500  2367.22753906
0.36500001 36078.94140625  2178.80737305
0.36600003 36126.07812500  2983.11108398
0.36700001 36171.05078125  2395.97045898
0.36800003 36216.01953125  2806.37963867
0.36900002 36258.47656250  2414.81469727
0.37000000 36297.96875000  2423.97827148
0.37100002 36335.50781250  2230.27368164
0.37200001 36372.28125000  2645.53784180
0.37300003 36406.19140625  2655.10375977
0.37400001 36438.14453125  2869.50390625
0.37500003 36468.13671875  2879.52441406
0.37600002 36495.03125000  2889.31176758
0.37700000 36519.26562500  2277.70654297
0.37800002 36541.77734375  3531.58032227
0.37900001 36561.54687500  2292.40893555
0.38000003 36577.87890625  2508.51098633
0.38100001 36591.82421875  2516.05395508
0.38200003 36602.77343750  2733.67822266
0.38300002 36610.92187500  2319.66821289
0.38400000 36616.94531250  2960.47998047
0.38500002 36618.81250000  3392.36694336
0.38600001 36619.24609375  2763.47143555
0.38700002 36615.25000000  2983.41064453
0.38800001 36608.58593750  2990.55541992
0.38900003 36599.25000000  2355.16186523
0.39000002 36587.05078125  2145.83056641
0.39100003 36572.01953125  2795.56542969
0.39200002 36554.14843750  2585.84057617
0.39300001 36532.41015625  3022.69165039
0.39400002 36509.52734375  2379.50854492
0.39500001 36482.07812500  2600.44262695
0.39600003 36451.86718750  2170.70874023
0.39700001 36419.52734375  2609.09497070
0.39800003 36383.70312500  2613.07788086
0.39900002 36345.59375000  2834.95654297
0.40000001 36304.83593750  2620.48315430
0.40100002 36260.31640625  2842.44628906
0.40200001 36214.76953125  2408.10107422
0.40300003 36165.23437500  2629.93603516
0.40400001 36114.00781250  2632.71118164
0.40500003 36060.26562500  2196.07031250
0.40600002 36004.73828125  3077.32519531
0.40700001 35945.51562500  3299.79833984
0.40800002 35884.92968750  3082.15673828
0.40900001 35821.80859375  4185.77832031
0.41000003 35757.67187500  2645.35278320
0.41100001 35690.57421875  2646.81298828
0.41200003 35621.43750000  2648.09790039
0.41300002 35551.16015625  2649.27246094
0.41400003 35478.75390625  2871.11840820
0.41500002 35405.26562500  2430.21752930
0.41600001 35328.97265625  2209.82739258
0.41700003 35252.29687500  2873.41479492
0.41800001 35175.06640625  2873.97900391
0.41900003 35094.09375000  3316.39208984
0.42000002 35014.32421875  2432.27001953
0.42100003 34932.53125000  2432.35229492
0.42200002 34850.71093750  2211.27783203
0.42300001 34766.97656250  3316.76953125
0.42400002 34682.91406250  2432.13940430
0.42500001 34598.33593750  2653.00048828
0.42600003 34513.01953125  3536.89453125
0.42700002 34427.57421875  2652.30053711
0.42800003 34341.54296875  2209.87841797
0.42900002 34256.01562500  2430.46435547
0.43000001 34169.97656250  3092.72460938
0.43100002 34083.23828125  2871.17211914
0.43200001 33997.38281250  2870.56909180
0.43300003 33911.69531250  2869.94702148
0.43400002 33826.33593750  3090.03588867
0.43500003 33741.20312500  2648.00976562
0.43600002 33658.15234375  2206.29199219
0.43700001 33573.65625000  2426.36816406
0.43800002 33490.33593750  2425.87255859
0.43900001 33408.53515625  2645.95605469
0.44000003 33327.71484375  2425.09130859
0.44100001 33247.46875000  2865.59936523
0.44200003 33169.39062500  2204.10620117
0.44300002 33091.41796875  2644.66625977
0.44400004 33015.59765625  2864.92871094
0.44500002 32939.76953125  3305.50610352
0.44600001 32866.31640625  2644.42382812
0.44700003 32795.18359375  3305.75463867
0.44800001 32725.03320312  2204.03100586
0.44900003 32657.24609375  2645.23706055
0.45000002 32591.31835938  3307.20410156
0.45100003 32526.31640625  2646.34130859
0.45200002 32464.15234375  3529.50292969
0.45300001 32403.83984375  3310.05224609
0.45400003 32345.92773438  3311.41455078
0.45500001 32290.11328125  3754.69458008
0.45600003 32236.49804688  3535.69921875
0.45700002 32185.20898438  2874.46118164
0.45800003 32136.46875000  2433.85571289
0.45900002 32089.80078125  2657.03564453
0.46000001 32047.30664062  2880.89257812
0.46100003 32005.05468750  3105.13061523
0.46200001 31967.45898438  2442.15405273
0.46300003 31931.34375000  2666.90600586
0.46400002 31898.67382812  3114.90551758
0.46500003 31868.35351562  2227.59814453
0.46600002 31841.03320312  2676.55737305
0.46700001 31815.71484375  2680.15576172
0.46800002 31795.30078125  3578.87915039
0.46900001 31775.91210938  2912.26245117
0.47000003 31760.08789062  2468.23535156
0.47100002 31747.35351562  2697.25512695
0.47200003 31737.61914062  3377.67626953
0.47300002 31731.17773438  2707.30419922
0.47400004 31726.89257812  2712.64941406
0.47500002 31726.45898438  2718.32324219
0.47600001 31729.24218750  3859.38647461
0.47700003 31733.79101562  3185.43823242
0.47800002 31742.36328125  3649.10229492
0.47900003 31754.33789062  2514.94384766
0.48000002 31768.61718750  4125.79052734
0.48100004 31786.94140625  2757.83520508
0.48200002 31806.52343750  2995.69750977
0.48300001 31829.94726562  3004.11059570
0.48400003 31856.88867188  2781.10644531
0.48500001 31886.39453125  3021.87377930
0.48600003 31919.60546875  3264.41821289
0.48700002 31955.05078125  2573.02075195
0.48800004 31992.91015625  3754.68823242
0.48900002 32034.25195312  3531.77636719
0.49000001 32078.41210938  3780.12011719
0.49100003 32125.66796875  2370.87451172
0.49200001 32175.38281250  3093.18041992
0.49300003 32228.17382812  2388.10791016
0.49400002 32283.37109375  2636.74438477
0.49500003 32340.98828125  2406.16967773
0.49600002 32401.92382812  3381.78881836
0.49700001 32464.96093750  2425.13256836
0.49800003 32530.84179688  3165.41381836
0.49900001 32598.72460938  3422.86621094
0.50000000 32669.39843750  4419.18945312
